0.688 0.413 0.151 0.968   1.0
0.405 0.337 0.485 0.360   -1.0
0.625 0.730 0.026 0.783   1.0
0.602 0.158 0.676 0.737   1.0
0.620 0.191 0.734 0.764   1.0
0.086 0.495 0.719 0.468   -1.0
0.893 0.156 0.940 0.044   1.0
0.131 0.449 0.460 0.616   -1.0
0.392 0.241 0.539 0.418   -1.0
0.288 0.021 0.183 0.964   -1.0
0.320 0.584 0.948 0.054   -1.0
0.983 0.140 0.843 0.702   1.0
0.370 0.594 0.764 0.309   1.0
0.888 0.440 0.088 0.348   -1.0
0.897 0.740 0.297 0.436   1.0
0.322 0.723 0.179 0.504   -1.0
0.936 0.825 0.271 0.884   1.0
0.619 0.867 0.019 0.462   -1.0
0.627 0.832 0.163 0.391   1.0
0.801 0.279 0.581 0.889   1.0
0.637 0.786 0.367 0.935   1.0
0.526 0.256 0.945 0.705   1.0
0.632 0.641 0.585 0.903   1.0
0.464 0.522 0.392 0.483   1.0*
0.961 0.110 0.815 0.124   1.0
0.956 0.925 0.780 0.537   1.0
0.407 0.174 0.600 0.774   -1.0
0.821 0.299 0.365 0.766   1.0
0.126 0.397 0.645 0.711   -1.0
0.170 0.175 0.822 0.562   -1.0
0.806 0.523 0.768 0.621   1.0
0.269 0.577 0.572 0.049   -1.0
0.387 0.455 0.289 0.987   1.0
0.398 0.808 0.529 0.763   1.0
0.533 0.889 0.971 0.178   1.0
0.271 0.347 0.774 0.093   -1.0
0.432 0.899 0.433 0.200   -1.0
0.080 0.469 0.097 0.652   -1.0
0.212 0.039 0.974 0.501   -1.0
0.203 0.898 0.833 0.731   1.0
0.407 0.264 0.551 0.378   -1.0
0.150 0.649 0.789 0.925   1.0
0.699 0.357 0.640 0.131   -1.0
0.159 0.211 0.026 0.257   -1.0
0.545 0.468 0.902 0.518   -1.0*
0.928 0.721 0.867 0.761   1.0
0.529 0.168 0.716 0.080   -1.0
0.157 0.230 0.195 0.946   -1.0
0.936 0.645 0.511 0.576   1.0
0.068 0.735 0.987 0.095   1.0*
0.851 0.639 0.460 0.753   1.0
0.429 0.681 0.879 0.296   1.0
0.331 0.825 0.611 0.047   -1.0
0.157 0.204 0.134 0.352   -1.0
0.288 0.288 0.795 0.800   1.0
0.572 0.868 0.598 0.559   -1.0*
0.590 0.410 0.602 0.050   -1.0
0.760 0.478 0.844 0.638   1.0
0.286 0.969 0.599 0.897   1.0
0.504 0.055 0.220 0.638   -1.0
0.370 0.926 0.694 0.165   1.0
0.557 0.737 0.594 0.156   1.0
0.556 0.746 0.706 0.158   1.0
0.868 0.918 0.274 0.712   1.0
0.048 0.999 0.525 0.647   1.0
0.540 0.151 0.950 0.760   1.0
0.357 0.130 0.715 0.051   -1.0
0.440 0.608 0.032 0.034   -1.0
0.328 0.590 0.509 0.033   -1.0
0.305 0.902 0.666 0.578   1.0
0.222 0.627 0.612 0.747   1.0
0.508 0.287 0.425 0.459   -1.0
0.213 0.816 0.177 0.928   1.0
0.472 0.368 0.475 0.504   -1.0
0.238 0.832 0.992 0.748   1.0
0.740 0.052 0.768 0.406   -1.0
0.381 0.628 0.257 0.994   1.0
0.531 0.502 0.662 0.956   -1.0*
0.709 0.169 0.777 0.886   1.0
0.643 0.358 0.465 0.118   -1.0
0.867 0.356 0.695 0.859   1.0
0.560 0.599 0.156 0.328   -1.0
0.787 0.709 0.633 0.044   1.0
0.007 0.575 0.205 0.669   -1.0
0.166 0.378 0.701 0.943   1.0
0.798 0.586 0.622 0.263   1.0
0.484 0.130 0.060 0.179   1.0*
0.164 0.740 0.587 0.320   -1.0
0.592 0.107 0.777 0.225   -1.0
0.480 0.232 0.727 0.685   1.0
0.258 0.852 0.279 0.959   1.0
0.543 0.757 0.381 0.165   -1.0
0.084 0.650 0.151 0.145   -1.0
0.139 0.308 0.568 0.727   -1.0
0.636 0.319 0.735 0.413   1.0
0.886 0.893 0.775 0.613   1.0
0.676 0.871 0.429 0.956   1.0
0.224 0.499 0.587 0.605   -1.0
0.608 0.689 0.314 0.758   1.0
0.143 0.898 0.142 0.712   -1.0
