0.688 0.413 0.151 0.968   1.0
0.405 0.337 0.485 0.360   -1.0
0.625 0.730 0.026 0.783   1.0
0.602 0.158 0.676 0.737   1.0
0.620 0.191 0.734 0.764   1.0
0.086 0.495 0.719 0.468   -1.0
0.893 0.156 0.940 0.044   1.0
0.131 0.449 0.460 0.616   -1.0
0.392 0.241 0.539 0.418   -1.0
0.288 0.021 0.183 0.964   -1.0
0.320 0.584 0.948 0.054   -1.0
0.983 0.140 0.843 0.702   1.0
0.370 0.594 0.764 0.309   1.0
0.888 0.440 0.088 0.348   -1.0
0.897 0.740 0.297 0.436   1.0
0.322 0.723 0.179 0.504   -1.0
0.936 0.825 0.271 0.884   1.0
0.619 0.867 0.019 0.462   -1.0
0.627 0.832 0.163 0.391   1.0
0.801 0.279 0.581 0.889   1.0
0.637 0.786 0.367 0.935   1.0
0.526 0.256 0.945 0.705   1.0
0.632 0.641 0.585 0.903   1.0
0.464 0.522 0.392 0.483   1.0*
0.961 0.110 0.815 0.124   1.0
0.956 0.925 0.780 0.537   1.0
0.407 0.174 0.600 0.774   -1.0
0.821 0.299 0.365 0.766   1.0
0.126 0.397 0.645 0.711   -1.0
0.170 0.175 0.822 0.562   -1.0
0.806 0.523 0.768 0.621   1.0
0.269 0.577 0.572 0.049   -1.0
0.387 0.455 0.289 0.987   1.0
0.398 0.808 0.529 0.763   1.0
0.533 0.889 0.971 0.178   1.0
0.271 0.347 0.774 0.093   -1.0
0.432 0.899 0.433 0.200   -1.0
0.080 0.469 0.097 0.652   -1.0
0.212 0.039 0.974 0.501   -1.0
0.203 0.898 0.833 0.731   1.0
0.407 0.264 0.551 0.378   -1.0
0.150 0.649 0.789 0.925   1.0
0.699 0.357 0.640 0.131   -1.0
0.159 0.211 0.026 0.257   -1.0
0.545 0.468 0.902 0.518   -1.0*
0.928 0.721 0.867 0.761   1.0
0.529 0.168 0.716 0.080   -1.0
0.157 0.230 0.195 0.946   -1.0
0.936 0.645 0.511 0.576   1.0
0.068 0.735 0.987 0.095   1.0*
0.851 0.639 0.460 0.753   1.0
0.429 0.681 0.879 0.296   1.0
0.331 0.825 0.611 0.047   -1.0
0.157 0.204 0.134 0.352   -1.0
0.288 0.288 0.795 0.800   1.0
0.572 0.868 0.598 0.559   -1.0*
0.590 0.410 0.602 0.050   -1.0
0.760 0.478 0.844 0.638   1.0
0.286 0.969 0.599 0.897   1.0
0.504 0.055 0.220 0.638   -1.0
0.370 0.926 0.694 0.165   1.0
0.557 0.737 0.594 0.156   1.0
0.556 0.746 0.706 0.158   1.0
0.868 0.918 0.274 0.712   1.0
0.048 0.999 0.525 0.647   1.0
0.540 0.151 0.950 0.760   1.0
0.357 0.130 0.715 0.051   -1.0
0.440 0.608 0.032 0.034   -1.0
0.328 0.590 0.509 0.033   -1.0
0.305 0.902 0.666 0.578   1.0
0.222 0.627 0.612 0.747   1.0
0.508 0.287 0.425 0.459   -1.0
0.213 0.816 0.177 0.928   1.0
0.472 0.368 0.475 0.504   -1.0
0.238 0.832 0.992 0.748   1.0
0.740 0.052 0.768 0.406   -1.0
0.381 0.628 0.257 0.994   1.0
0.531 0.502 0.662 0.956   -1.0*
0.709 0.169 0.777 0.886   1.0
0.643 0.358 0.465 0.118   -1.0
0.867 0.356 0.695 0.859   1.0
0.560 0.599 0.156 0.328   -1.0
0.787 0.709 0.633 0.044   1.0
0.007 0.575 0.205 0.669   -1.0
0.166 0.378 0.701 0.943   1.0
0.798 0.586 0.622 0.263   1.0
0.484 0.130 0.060 0.179   1.0*
0.164 0.740 0.587 0.320   -1.0
0.592 0.107 0.777 0.225   -1.0
0.480 0.232 0.727 0.685   1.0
0.258 0.852 0.279 0.959   1.0
0.543 0.757 0.381 0.165   -1.0
0.084 0.650 0.151 0.145   -1.0
0.139 0.308 0.568 0.727   -1.0
0.636 0.319 0.735 0.413   1.0
0.886 0.893 0.775 0.613   1.0
0.676 0.871 0.429 0.956   1.0
0.224 0.499 0.587 0.605   -1.0
0.608 0.689 0.314 0.758   1.0
0.143 0.898 0.142 0.712   -1.0
0.771 0.348 0.943 0.506   1.0
0.487 0.392 0.653 0.262   -1.0
0.231 0.938 0.877 0.660   1.0
0.707 0.884 0.393 0.294   1.0
0.058 0.902 0.178 0.372   -1.0
0.011 0.516 0.558 0.153   -1.0
0.183 0.924 0.575 0.126   -1.0
0.335 0.613 0.822 0.988   1.0
0.827 0.218 0.813 0.704   1.0
0.707 0.411 0.762 0.101   -1.0
0.251 0.159 0.607 0.428   -1.0
0.267 0.440 0.047 0.826   -1.0
0.274 0.009 0.516 0.849   -1.0
0.946 0.184 0.748 0.768   1.0
0.623 0.595 0.390 0.437   1.0
0.269 0.144 0.710 0.031   -1.0
0.415 0.282 0.404 0.021   -1.0
0.935 0.289 0.150 0.982   1.0
0.743 0.256 0.123 0.259   -1.0
0.258 0.205 0.289 0.006   1.0*
0.461 0.629 0.568 0.851   1.0
0.867 0.120 0.210 0.577   -1.0
0.455 0.992 0.433 0.859   1.0
0.143 0.793 0.302 0.293   -1.0
0.416 0.036 0.030 0.539   -1.0
0.135 0.797 0.500 0.424   -1.0
0.472 0.885 0.432 0.041   -1.0
0.498 0.908 0.856 0.708   1.0
0.007 0.162 0.477 0.440   -1.0
0.491 0.584 0.814 0.793   1.0
0.589 0.209 0.913 0.620   1.0
0.207 0.755 0.545 0.707   1.0
0.348 0.179 0.063 0.780   -1.0
0.799 0.277 0.128 0.656   1.0*
0.613 0.663 0.147 0.090   -1.0
0.168 0.581 0.687 0.983   1.0
0.564 0.572 0.584 0.477   1.0
0.332 0.684 0.946 0.877   1.0
0.125 0.225 0.570 0.188   -1.0
0.789 0.988 0.282 0.917   1.0
0.267 0.530 0.306 0.414   -1.0
0.409 0.583 0.202 0.096   -1.0
0.576 0.660 0.137 0.160   -1.0
0.329 0.492 0.820 0.275   -1.0
0.211 0.400 0.593 0.781   -1.0
0.598 0.570 0.576 0.879   1.0
0.220 0.146 0.018 0.526   -1.0
0.638 0.935 0.142 0.840   1.0
0.708 0.417 0.692 0.845   1.0
0.828 0.174 0.068 0.649   -1.0
0.436 0.860 0.849 0.029   1.0
0.437 0.627 0.211 0.014   -1.0
0.698 0.233 0.652 0.716   1.0
0.212 0.354 0.695 0.354   -1.0
0.726 0.062 0.612 0.418   -1.0
0.188 0.246 0.080 0.256   -1.0
0.529 0.692 0.755 0.378   1.0
0.396 0.815 0.349 0.606   1.0
0.855 0.305 0.062 0.507   -1.0
0.822 0.718 0.375 0.516   1.0
0.570 0.243 0.135 0.182   -1.0
0.041 0.370 0.907 0.122   -1.0
0.802 0.651 0.318 0.557   1.0
0.039 0.953 0.844 0.388   1.0
0.673 0.242 0.864 0.735   1.0
0.884 0.557 0.468 0.259   1.0
0.540 0.829 0.316 0.675   1.0
0.977 0.716 0.380 0.884   1.0
0.006 0.686 0.489 0.323   -1.0
0.518 0.362 0.196 0.362   -1.0
0.755 0.035 0.993 0.618   1.0
0.742 0.503 0.328 0.209   -1.0
0.401 0.750 0.591 0.717   1.0
0.602 0.694 0.141 0.983   1.0
0.978 0.988 0.263 0.467   1.0
0.506 0.985 0.674 0.701   1.0
0.424 0.456 0.382 0.417   -1.0
0.152 0.159 0.577 0.480   -1.0
0.339 0.881 0.117 0.930   1.0
0.542 0.532 0.292 0.682   1.0
0.870 0.661 0.503 0.133   1.0
0.815 0.638 0.113 0.489   1.0
0.460 0.913 0.796 0.842   1.0
0.870 0.994 0.489 0.447   1.0
0.857 0.786 0.356 0.974   1.0
0.954 0.516 0.248 0.246   -1.0
0.763 0.116 0.859 0.266   1.0
0.987 0.081 0.887 0.100   1.0
0.227 0.560 0.483 0.022   -1.0
0.813 0.892 0.396 0.302   1.0
0.870 0.159 0.125 0.226   -1.0
0.840 0.180 0.648 0.088   -1.0
0.847 0.851 0.542 0.706   1.0
0.790 0.693 0.197 0.677   1.0
0.767 0.904 0.352 0.250   1.0
0.754 0.064 0.818 0.150   -1.0
0.157 0.020 0.524 0.281   -1.0
0.657 0.121 0.425 0.305   -1.0
0.851 0.152 0.060 0.393   -1.0
0.177 0.183 0.550 0.374   -1.0
0.342 0.141 0.764 0.695   -1.0
0.690 0.448 0.455 0.507   1.0
0.821 0.664 0.618 0.345   1.0
0.863 0.001 0.067 0.288   -1.0
0.276 0.139 0.458 0.337   -1.0
0.315 0.513 0.715 0.865   1.0
0.575 0.207 0.028 0.339   -1.0
0.420 0.028 0.350 0.875   -1.0
0.948 0.695 0.200 0.566   1.0
0.146 0.429 0.041 0.212   -1.0
0.348 0.489 0.856 0.806   1.0
0.388 0.121 0.339 0.103   1.0*
0.226 0.678 0.194 0.254   -1.0
0.096 0.674 0.045 0.446   -1.0
0.581 0.395 0.244 0.781   -1.0*
0.284 0.927 0.389 0.326   -1.0
0.106 0.674 0.628 0.962   1.0
0.453 0.350 0.601 0.792   1.0
0.587 0.018 0.130 0.781   -1.0
0.147 0.877 0.947 0.192   1.0
0.496 0.773 0.718 0.740   1.0
0.678 0.024 0.481 0.067   -1.0
0.620 0.174 0.024 0.248   -1.0
0.503 0.701 0.485 0.104   -1.0
0.938 0.691 0.511 0.068   1.0
0.784 0.215 0.349 0.731   1.0
0.672 0.227 0.181 0.390   1.0*
0.735 0.068 0.991 0.216   1.0
0.342 0.836 0.309 0.366   -1.0
0.444 0.869 0.784 0.929   -1.0*
0.277 0.867 0.665 0.789   1.0
0.137 0.573 0.151 0.486   -1.0
0.558 0.158 0.530 0.739   -1.0
0.497 0.474 0.616 0.489   1.0
0.751 0.831 0.525 0.059   1.0
0.608 0.503 0.065 0.392   -1.0
0.039 0.670 0.300 0.703   -1.0
0.236 0.841 0.032 0.386   -1.0
0.335 0.944 0.485 0.866   1.0
0.033 0.363 0.156 0.649   -1.0
0.846 0.400 0.683 0.370   1.0
0.879 0.979 0.963 0.944   1.0
0.396 0.983 0.041 0.696   1.0
0.499 0.931 0.527 0.531   1.0
0.854 0.866 0.262 0.339   1.0
0.944 0.373 0.095 0.101   -1.0
0.947 0.947 0.422 0.630   1.0
0.881 0.509 0.295 0.844   1.0
0.666 0.239 0.435 0.707   1.0
0.121 0.206 0.867 0.648   -1.0
0.184 0.502 0.603 0.446   -1.0
0.335 0.390 0.214 0.431   -1.0
0.236 0.378 0.437 0.658   -1.0
0.754 0.539 0.516 0.050   -1.0
0.969 0.716 0.622 0.404   1.0
0.557 0.526 0.630 0.424   1.0
0.367 0.608 0.676 0.971   1.0
0.518 0.306 0.444 0.732   1.0
0.935 0.969 0.114 0.372   1.0
0.122 0.127 0.166 0.639   -1.0
0.549 0.608 0.893 0.171   1.0
0.316 0.729 0.538 0.946   1.0
0.712 0.313 0.760 0.389   1.0
0.814 0.907 0.590 0.258   1.0
0.326 0.193 0.608 0.441   -1.0
0.235 0.563 0.691 0.401   -1.0
0.868 0.950 0.809 0.761   1.0
0.821 0.077 0.850 0.359   1.0
0.002 0.071 0.336 0.763   -1.0
0.620 0.577 0.367 0.210   -1.0
0.006 0.536 0.027 0.614   1.0*
0.592 0.848 0.539 0.283   1.0
0.741 0.152 0.199 0.549   -1.0
0.320 0.370 0.990 0.170   -1.0
0.013 0.172 0.801 0.349   -1.0
0.261 0.970 0.512 0.628   1.0
0.347 0.634 0.715 0.374   1.0
0.692 0.966 0.095 0.231   -1.0
0.344 0.972 0.401 0.543   1.0
0.313 0.863 0.891 0.303   1.0
0.621 0.316 0.205 0.422   -1.0
0.140 0.683 0.635 0.652   1.0
0.815 0.998 0.945 0.530   1.0
0.192 0.221 0.338 0.288   -1.0
0.587 0.632 0.424 0.988   1.0
0.945 0.302 0.039 0.836   1.0
0.072 0.457 0.921 0.277   -1.0
0.587 0.416 0.563 0.222   -1.0
0.874 0.037 0.066 0.819   -1.0
0.438 0.011 0.788 0.776   1.0
0.240 0.363 0.931 0.664   1.0
0.106 0.609 0.653 0.145   -1.0
0.258 0.216 0.903 0.179   -1.0
0.783 0.766 0.909 0.346   -1.0*
0.977 0.220 0.024 0.044   -1.0
0.590 0.482 0.050 0.378   -1.0
0.349 0.618 0.621 0.280   -1.0
0.972 0.386 0.891 0.625   1.0
0.337 0.883 0.747 0.240   1.0
0.240 0.022 0.827 0.149   -1.0
0.815 0.126 0.588 0.839   1.0
0.627 0.430 0.651 0.677   1.0
0.909 0.026 0.426 0.530   -1.0
0.709 0.503 0.692 0.600   1.0
0.223 0.937 0.011 0.970   1.0
0.073 0.209 0.200 0.901   -1.0
0.567 0.716 0.484 0.155   -1.0
0.654 0.782 0.985 0.306   1.0
0.793 0.215 0.484 0.219   -1.0
0.790 0.928 0.248 0.482   1.0
0.376 0.705 0.465 0.388   -1.0
0.642 0.461 0.883 0.842   1.0
0.241 0.409 0.078 0.726   -1.0
0.633 0.380 0.346 0.618   -1.0
0.805 0.411 0.900 0.289   1.0
0.645 0.079 0.559 0.893   1.0
0.087 0.270 0.266 0.552   -1.0
0.940 0.195 0.119 0.823   1.0
0.481 0.064 0.446 0.559   -1.0
0.011 0.192 0.170 0.357   -1.0
0.855 0.161 0.222 0.755   -1.0
0.852 0.400 0.529 0.411   1.0
0.090 0.498 0.563 0.356   -1.0
0.220 0.295 0.245 0.339   -1.0
0.281 0.820 0.183 0.727   1.0
0.972 0.738 0.571 0.142   1.0
0.382 0.997 0.256 0.603   1.0
0.706 0.456 0.151 0.236   -1.0
0.444 0.326 0.365 0.007   -1.0
0.415 0.227 0.977 0.659   1.0
0.095 0.940 0.386 0.278   -1.0
0.765 0.250 0.406 0.336   -1.0
0.500 0.718 0.389 0.756   1.0
0.140 0.463 0.777 0.292   -1.0
0.644 0.736 0.024 0.009   -1.0
0.706 0.423 0.970 0.683   1.0
0.536 0.779 0.023 0.922   1.0
0.691 0.687 0.307 0.096   -1.0
0.699 0.596 0.742 0.088   1.0
0.063 0.229 0.816 0.840   -1.0
0.514 0.484 0.256 0.538   -1.0
0.999 0.244 0.916 0.969   1.0
0.999 0.505 0.706 0.022   1.0
0.762 0.712 0.114 0.069   -1.0
0.137 0.769 0.405 0.879   1.0
0.758 0.942 0.086 0.573   1.0
0.607 0.087 0.267 0.863   -1.0
0.760 0.862 0.870 0.676   1.0
0.797 0.675 0.335 0.503   1.0
0.761 0.265 0.409 0.875   1.0
0.217 0.013 0.103 0.622   -1.0
0.960 0.379 0.834 0.046   -1.0*
0.616 0.653 0.039 0.883   1.0
0.665 0.643 0.378 0.534   1.0
0.208 0.331 0.994 0.543   1.0
0.691 0.304 0.099 0.100   -1.0
0.434 0.317 0.192 0.537   -1.0
0.084 0.497 0.318 0.918   -1.0
0.271 0.534 0.197 0.310   -1.0
0.713 0.975 0.060 0.090   -1.0
0.380 0.298 0.840 0.374   -1.0
0.674 0.065 0.145 0.774   -1.0
0.325 0.208 0.483 0.517   -1.0
0.422 0.601 0.242 0.740   1.0
0.786 0.011 0.054 0.983   -1.0
0.471 0.695 0.296 0.532   -1.0
0.805 0.911 0.084 0.645   1.0
0.925 0.319 0.351 0.070   -1.0
0.516 0.395 0.300 0.999   1.0
0.045 0.420 0.514 0.287   -1.0
0.033 0.073 0.171 0.087   -1.0
0.492 0.558 0.751 0.787   1.0
0.537 0.592 0.001 0.621   -1.0
0.287 0.546 0.556 0.638   1.0
0.649 0.154 0.011 0.949   -1.0
0.923 0.994 0.573 0.436   1.0
0.733 0.469 0.355 0.904   1.0
0.410 0.396 0.115 0.162   -1.0
0.205 0.699 0.775 0.206   -1.0
0.012 0.493 0.865 0.568   -1.0
0.481 0.217 0.284 0.491   -1.0
0.437 0.414 0.161 0.010   -1.0
0.442 0.743 0.319 0.797   1.0
0.876 0.207 0.043 0.990   1.0
0.226 0.195 0.067 0.001   -1.0
0.387 0.014 0.894 0.252   -1.0
0.024 0.732 0.799 0.309   -1.0
0.966 0.746 0.638 0.127   1.0
0.488 0.569 0.498 0.807   1.0
0.145 0.683 0.573 0.188   -1.0
0.942 0.414 0.869 0.009   1.0
0.270 0.396 0.429 0.164   -1.0
0.011 0.188 0.380 0.811   -1.0
0.604 0.777 0.242 0.242   -1.0
0.998 0.730 0.472 0.496   1.0
0.838 0.642 0.220 0.411   1.0
0.894 0.353 0.244 0.763   1.0
0.659 0.033 0.758 0.088   -1.0
0.406 0.099 0.385 0.786   -1.0
0.882 0.390 0.687 0.124   1.0
0.590 0.122 0.362 0.063   -1.0
0.899 0.900 0.259 0.119   1.0
0.089 0.013 0.664 0.333   -1.0
0.026 0.992 0.809 0.784   1.0
0.006 0.189 0.179 0.391   1.0*
0.090 0.272 0.365 0.776   -1.0
0.997 0.367 0.518 0.359   1.0
0.136 0.257 0.330 0.395   -1.0
0.641 0.484 0.390 0.305   -1.0
0.167 0.331 0.809 0.976   1.0
0.888 0.982 0.304 0.068   1.0
0.279 0.157 0.645 0.644   -1.0
0.041 0.641 0.300 0.559   -1.0
0.730 0.695 0.258 0.059   -1.0
0.634 0.700 0.575 0.024   -1.0
0.392 0.191 0.336 0.201   -1.0
0.450 0.089 0.149 0.754   -1.0
0.522 0.033 0.314 0.168   -1.0
0.248 0.209 0.319 0.548   -1.0
0.319 0.278 0.464 0.576   -1.0
0.555 0.211 0.037 0.130   -1.0
0.042 0.523 0.426 0.378   -1.0
0.593 0.828 0.813 0.743   1.0
0.970 0.265 0.615 0.285   1.0
0.292 0.532 0.642 0.611   1.0
0.410 0.929 0.358 0.874   1.0
0.695 0.429 0.716 0.732   1.0
0.951 0.775 0.081 0.377   1.0
0.805 0.971 0.981 0.618   1.0
0.563 0.588 0.979 0.178   1.0
0.412 0.470 0.405 0.053   -1.0
0.486 0.463 0.010 0.844   -1.0
0.515 0.539 0.766 0.231   1.0
0.325 0.183 0.046 0.406   -1.0
0.198 0.211 0.531 0.179   -1.0
0.245 0.742 0.418 0.224   -1.0
0.290 0.635 0.390 0.696   1.0
0.470 0.181 0.152 0.480   -1.0
0.489 0.995 0.564 0.255   1.0
0.835 0.580 0.409 0.881   -1.0*
0.969 0.080 0.197 0.500   -1.0
0.026 0.745 0.001 0.443   1.0*
0.922 0.734 0.604 0.312   1.0
0.292 0.782 0.611 0.444   1.0
0.636 0.933 0.258 0.200   1.0
0.484 0.035 0.768 0.893   1.0
0.753 0.862 0.996 0.950   1.0
0.255 0.976 0.107 0.256   -1.0
0.075 0.178 0.153 0.679   -1.0
0.582 0.971 0.272 0.193   1.0
0.534 0.829 0.348 0.792   1.0
0.536 0.276 0.065 0.304   -1.0
0.981 0.058 0.032 0.977   1.0
0.394 0.232 0.983 0.501   1.0
0.402 0.577 0.667 0.555   1.0
0.156 0.137 0.227 0.428   -1.0
0.642 0.963 0.159 0.990   1.0
0.188 0.526 0.031 0.253   -1.0
0.201 0.234 0.888 0.233   -1.0
0.896 0.627 0.443 0.880   1.0
0.932 0.282 0.704 0.598   1.0
0.960 0.754 0.974 0.186   1.0
0.304 0.828 0.146 0.463   -1.0
0.901 0.651 0.344 0.932   1.0
0.175 0.132 0.137 0.063   -1.0
0.348 0.960 0.992 0.791   1.0
0.119 0.723 0.121 0.824   -1.0
0.958 0.783 0.075 0.932   -1.0*
0.258 0.237 0.798 0.404   -1.0
0.616 0.304 0.350 0.960   1.0
0.254 0.135 0.368 0.391   -1.0
0.733 0.740 0.158 0.725   1.0
0.997 0.844 0.254 0.119   1.0
0.575 0.077 0.451 0.650   -1.0
0.421 0.908 0.246 0.219   -1.0
0.945 0.835 0.616 0.296   1.0
0.852 0.550 0.930 0.220   1.0
0.129 0.953 0.681 0.287   1.0
0.212 0.284 0.522 0.466   -1.0
0.190 0.041 0.480 0.641   -1.0
0.490 0.062 0.599 0.736   -1.0
0.910 0.681 0.116 0.526   -1.0*
0.911 0.378 0.527 0.841   1.0
0.468 0.970 0.551 0.149   1.0
0.229 0.361 0.541 0.750   -1.0
0.944 0.940 0.867 0.425   1.0
0.558 0.914 0.643 0.157   1.0
0.924 0.067 0.331 0.039   -1.0
0.309 0.950 0.971 0.835   1.0
0.569 0.304 0.761 0.120   -1.0
0.017 0.348 0.814 0.559   -1.0
0.641 0.503 0.038 0.508   -1.0
0.619 0.066 0.842 0.262   -1.0
0.492 0.185 0.290 0.824   -1.0
0.883 0.132 0.174 0.854   -1.0*
0.965 0.423 0.271 0.726   1.0
0.724 0.743 0.891 0.538   1.0
0.990 0.179 0.804 0.028   1.0
0.732 0.647 0.754 0.574   1.0
0.977 0.066 0.094 0.267   -1.0
