param n := 4;
param m := 1500;
param m_test := 500;
param nu := 1;

param a : 1 2 3 4 :=
1		0.688	0.413	0.151	0.968
2		0.405	0.337	0.485	0.360
3		0.625	0.730	0.026	0.783
4		0.620	0.191	0.734	0.764
5		0.086	0.495	0.719	0.468
6		0.893	0.156	0.940	0.044
7		0.392	0.241	0.539	0.418
8		0.288	0.021	0.183	0.964
9		0.320	0.584	0.948	0.054
10		0.370	0.594	0.764	0.309
11		0.888	0.440	0.088	0.348
12		0.897	0.740	0.297	0.436
13		0.936	0.825	0.271	0.884
14		0.619	0.867	0.019	0.462
15		0.627	0.832	0.163	0.391
16		0.637	0.786	0.367	0.935
17		0.526	0.256	0.945	0.705
18		0.632	0.641	0.585	0.903
19		0.961	0.110	0.815	0.124
20		0.956	0.925	0.780	0.537
21		0.407	0.174	0.600	0.774
22		0.126	0.397	0.645	0.711
23		0.170	0.175	0.822	0.562
24		0.806	0.523	0.768	0.621
25		0.387	0.455	0.289	0.987
26		0.398	0.808	0.529	0.763
27		0.533	0.889	0.971	0.178
28		0.432	0.899	0.433	0.200
29		0.080	0.469	0.097	0.652
30		0.212	0.039	0.974	0.501
31		0.407	0.264	0.551	0.378
32		0.150	0.649	0.789	0.925
33		0.699	0.357	0.640	0.131
34		0.545	0.468	0.902	0.518
35		0.928	0.721	0.867	0.761
36		0.529	0.168	0.716	0.080
37		0.936	0.645	0.511	0.576
38		0.068	0.735	0.987	0.095
39		0.851	0.639	0.460	0.753
40		0.331	0.825	0.611	0.047
41		0.157	0.204	0.134	0.352
42		0.288	0.288	0.795	0.800
43		0.590	0.410	0.602	0.050
44		0.760	0.478	0.844	0.638
45		0.286	0.969	0.599	0.897
46		0.370	0.926	0.694	0.165
47		0.557	0.737	0.594	0.156
48		0.556	0.746	0.706	0.158
49		0.048	0.999	0.525	0.647
50		0.540	0.151	0.950	0.760
51		0.357	0.130	0.715	0.051
52		0.328	0.590	0.509	0.033
53		0.305	0.902	0.666	0.578
54		0.222	0.627	0.612	0.747
55		0.213	0.816	0.177	0.928
56		0.472	0.368	0.475	0.504
57		0.238	0.832	0.992	0.748
58		0.381	0.628	0.257	0.994
59		0.531	0.502	0.662	0.956
60		0.709	0.169	0.777	0.886
61		0.867	0.356	0.695	0.859
62		0.560	0.599	0.156	0.328
63		0.787	0.709	0.633	0.044
64		0.166	0.378	0.701	0.943
65		0.798	0.586	0.622	0.263
66		0.484	0.130	0.060	0.179
67		0.592	0.107	0.777	0.225
68		0.480	0.232	0.727	0.685
69		0.258	0.852	0.279	0.959
70		0.084	0.650	0.151	0.145
71		0.139	0.308	0.568	0.727
72		0.636	0.319	0.735	0.413
73		0.676	0.871	0.429	0.956
74		0.224	0.499	0.587	0.605
75		0.608	0.689	0.314	0.758
76		0.771	0.348	0.943	0.506
77		0.487	0.392	0.653	0.262
78		0.231	0.938	0.877	0.660
79		0.058	0.902	0.178	0.372
80		0.011	0.516	0.558	0.153
81		0.183	0.924	0.575	0.126
82		0.827	0.218	0.813	0.704
83		0.707	0.411	0.762	0.101
84		0.251	0.159	0.607	0.428
85		0.274	0.009	0.516	0.849
86		0.946	0.184	0.748	0.768
87		0.623	0.595	0.390	0.437
88		0.415	0.282	0.404	0.021
89		0.935	0.289	0.150	0.982
90		0.743	0.256	0.123	0.259
91		0.461	0.629	0.568	0.851
92		0.867	0.120	0.210	0.577
93		0.455	0.992	0.433	0.859
94		0.416	0.036	0.030	0.539
95		0.135	0.797	0.500	0.424
96		0.472	0.885	0.432	0.041
97		0.007	0.162	0.477	0.440
98		0.491	0.584	0.814	0.793
99		0.589	0.209	0.913	0.620
100		0.348	0.179	0.063	0.780
101		0.799	0.277	0.128	0.656
102		0.613	0.663	0.147	0.090
103		0.564	0.572	0.584	0.477
104		0.332	0.684	0.946	0.877
105		0.125	0.225	0.570	0.188
106		0.267	0.530	0.306	0.414
107		0.409	0.583	0.202	0.096
108		0.576	0.660	0.137	0.160
109		0.211	0.400	0.593	0.781
110		0.598	0.570	0.576	0.879
111		0.220	0.146	0.018	0.526
112		0.708	0.417	0.692	0.845
113		0.828	0.174	0.068	0.649
114		0.436	0.860	0.849	0.029
115		0.698	0.233	0.652	0.716
116		0.212	0.354	0.695	0.354
117		0.726	0.062	0.612	0.418
118		0.529	0.692	0.755	0.378
119		0.396	0.815	0.349	0.606
120		0.855	0.305	0.062	0.507
121		0.570	0.243	0.135	0.182
122		0.041	0.370	0.907	0.122
123		0.802	0.651	0.318	0.557
124		0.673	0.242	0.864	0.735
125		0.884	0.557	0.468	0.259
126		0.540	0.829	0.316	0.675
127		0.006	0.686	0.489	0.323
128		0.518	0.362	0.196	0.362
129		0.755	0.035	0.993	0.618
130		0.401	0.750	0.591	0.717
131		0.602	0.694	0.141	0.983
132		0.978	0.988	0.263	0.467
133		0.424	0.456	0.382	0.417
134		0.152	0.159	0.577	0.480
135		0.339	0.881	0.117	0.930
136		0.870	0.661	0.503	0.133
137		0.815	0.638	0.113	0.489
138		0.460	0.913	0.796	0.842
139		0.857	0.786	0.356	0.974
140		0.954	0.516	0.248	0.246
141		0.763	0.116	0.859	0.266
142		0.227	0.560	0.483	0.022
143		0.813	0.892	0.396	0.302
144		0.870	0.159	0.125	0.226
145		0.847	0.851	0.542	0.706
146		0.790	0.693	0.197	0.677
147		0.767	0.904	0.352	0.250
148		0.157	0.020	0.524	0.281
149		0.657	0.121	0.425	0.305
150		0.851	0.152	0.060	0.393
151		0.342	0.141	0.764	0.695
152		0.690	0.448	0.455	0.507
153		0.821	0.664	0.618	0.345
154		0.276	0.139	0.458	0.337
155		0.315	0.513	0.715	0.865
156		0.575	0.207	0.028	0.339
157		0.948	0.695	0.200	0.566
158		0.146	0.429	0.041	0.212
159		0.348	0.489	0.856	0.806
160		0.226	0.678	0.194	0.254
161		0.096	0.674	0.045	0.446
162		0.581	0.395	0.244	0.781
163		0.106	0.674	0.628	0.962
164		0.453	0.350	0.601	0.792
165		0.587	0.018	0.130	0.781
166		0.496	0.773	0.718	0.740
167		0.678	0.024	0.481	0.067
168		0.620	0.174	0.024	0.248
169		0.938	0.691	0.511	0.068
170		0.784	0.215	0.349	0.731
171		0.672	0.227	0.181	0.390
172		0.342	0.836	0.309	0.366
173		0.444	0.869	0.784	0.929
174		0.277	0.867	0.665	0.789
175		0.558	0.158	0.530	0.739
176		0.497	0.474	0.616	0.489
177		0.751	0.831	0.525	0.059
178		0.039	0.670	0.300	0.703
179		0.236	0.841	0.032	0.386
180		0.335	0.944	0.485	0.866
181		0.846	0.400	0.683	0.370
182		0.879	0.979	0.963	0.944
183		0.396	0.983	0.041	0.696
184		0.854	0.866	0.262	0.339
185		0.944	0.373	0.095	0.101
186		0.947	0.947	0.422	0.630
187		0.666	0.239	0.435	0.707
188		0.121	0.206	0.867	0.648
189		0.184	0.502	0.603	0.446
190		0.236	0.378	0.437	0.658
191		0.754	0.539	0.516	0.050
192		0.969	0.716	0.622	0.404
193		0.367	0.608	0.676	0.971
194		0.518	0.306	0.444	0.732
195		0.935	0.969	0.114	0.372
196		0.549	0.608	0.893	0.171
197		0.316	0.729	0.538	0.946
198		0.712	0.313	0.760	0.389
199		0.326	0.193	0.608	0.441
200		0.235	0.563	0.691	0.401
201		0.868	0.950	0.809	0.761
202		0.002	0.071	0.336	0.763
203		0.620	0.577	0.367	0.210
204		0.006	0.536	0.027	0.614
205		0.741	0.152	0.199	0.549
206		0.320	0.370	0.990	0.170
207		0.013	0.172	0.801	0.349
208		0.347	0.634	0.715	0.374
209		0.692	0.966	0.095	0.231
210		0.344	0.972	0.401	0.543
211		0.621	0.316	0.205	0.422
212		0.140	0.683	0.635	0.652
213		0.815	0.998	0.945	0.530
214		0.587	0.632	0.424	0.988
215		0.945	0.302	0.039	0.836
216		0.072	0.457	0.921	0.277
217		0.874	0.037	0.066	0.819
218		0.438	0.011	0.788	0.776
219		0.240	0.363	0.931	0.664
220		0.258	0.216	0.903	0.179
221		0.783	0.766	0.909	0.346
222		0.977	0.220	0.024	0.044
223		0.349	0.618	0.621	0.280
224		0.972	0.386	0.891	0.625
225		0.337	0.883	0.747	0.240
226		0.815	0.126	0.588	0.839
227		0.627	0.430	0.651	0.677
228		0.909	0.026	0.426	0.530
229		0.223	0.937	0.011	0.970
230		0.073	0.209	0.200	0.901
231		0.567	0.716	0.484	0.155
232		0.793	0.215	0.484	0.219
233		0.790	0.928	0.248	0.482
234		0.376	0.705	0.465	0.388
235		0.241	0.409	0.078	0.726
236		0.633	0.380	0.346	0.618
237		0.805	0.411	0.900	0.289
238		0.087	0.270	0.266	0.552
239		0.940	0.195	0.119	0.823
240		0.481	0.064	0.446	0.559
241		0.855	0.161	0.222	0.755
242		0.852	0.400	0.529	0.411
243		0.090	0.498	0.563	0.356
244		0.281	0.820	0.183	0.727
245		0.972	0.738	0.571	0.142
246		0.382	0.997	0.256	0.603
247		0.444	0.326	0.365	0.007
248		0.415	0.227	0.977	0.659
249		0.095	0.940	0.386	0.278
250		0.500	0.718	0.389	0.756
251		0.140	0.463	0.777	0.292
252		0.644	0.736	0.024	0.009
253		0.536	0.779	0.023	0.922
254		0.691	0.687	0.307	0.096
255		0.699	0.596	0.742	0.088
256		0.514	0.484	0.256	0.538
257		0.999	0.244	0.916	0.969
258		0.999	0.505	0.706	0.022
259		0.137	0.769	0.405	0.879
260		0.758	0.942	0.086	0.573
261		0.607	0.087	0.267	0.863
262		0.797	0.675	0.335	0.503
263		0.761	0.265	0.409	0.875
264		0.217	0.013	0.103	0.622
265		0.616	0.653	0.039	0.883
266		0.665	0.643	0.378	0.534
267		0.208	0.331	0.994	0.543
268		0.434	0.317	0.192	0.537
269		0.084	0.497	0.318	0.918
270		0.271	0.534	0.197	0.310
271		0.380	0.298	0.840	0.374
272		0.674	0.065	0.145	0.774
273		0.325	0.208	0.483	0.517
274		0.786	0.011	0.054	0.983
275		0.471	0.695	0.296	0.532
276		0.805	0.911	0.084	0.645
277		0.516	0.395	0.300	0.999
278		0.045	0.420	0.514	0.287
279		0.033	0.073	0.171	0.087
280		0.537	0.592	0.001	0.621
281		0.287	0.546	0.556	0.638
282		0.649	0.154	0.011	0.949
283		0.733	0.469	0.355	0.904
284		0.410	0.396	0.115	0.162
285		0.205	0.699	0.775	0.206
286		0.481	0.217	0.284	0.491
287		0.437	0.414	0.161	0.010
288		0.442	0.743	0.319	0.797
289		0.226	0.195	0.067	0.001
290		0.387	0.014	0.894	0.252
291		0.024	0.732	0.799	0.309
292		0.488	0.569	0.498	0.807
293		0.145	0.683	0.573	0.188
294		0.942	0.414	0.869	0.009
295		0.011	0.188	0.380	0.811
296		0.604	0.777	0.242	0.242
297		0.998	0.730	0.472	0.496
298		0.894	0.353	0.244	0.763
299		0.659	0.033	0.758	0.088
300		0.406	0.099	0.385	0.786
301		0.590	0.122	0.362	0.063
302		0.899	0.900	0.259	0.119
303		0.089	0.013	0.664	0.333
304		0.006	0.189	0.179	0.391
305		0.090	0.272	0.365	0.776
306		0.997	0.367	0.518	0.359
307		0.641	0.484	0.390	0.305
308		0.167	0.331	0.809	0.976
309		0.888	0.982	0.304	0.068
310		0.041	0.641	0.300	0.559
311		0.730	0.695	0.258	0.059
312		0.634	0.700	0.575	0.024
313		0.450	0.089	0.149	0.754
314		0.522	0.033	0.314	0.168
315		0.248	0.209	0.319	0.548
316		0.555	0.211	0.037	0.130
317		0.042	0.523	0.426	0.378
318		0.593	0.828	0.813	0.743
319		0.292	0.532	0.642	0.611
320		0.410	0.929	0.358	0.874
321		0.695	0.429	0.716	0.732
322		0.805	0.971	0.981	0.618
323		0.563	0.588	0.979	0.178
324		0.412	0.470	0.405	0.053
325		0.515	0.539	0.766	0.231
326		0.325	0.183	0.046	0.406
327		0.198	0.211	0.531	0.179
328		0.290	0.635	0.390	0.696
329		0.470	0.181	0.152	0.480
330		0.489	0.995	0.564	0.255
331		0.969	0.080	0.197	0.500
332		0.026	0.745	0.001	0.443
333		0.922	0.734	0.604	0.312
334		0.636	0.933	0.258	0.200
335		0.484	0.035	0.768	0.893
336		0.753	0.862	0.996	0.950
337		0.075	0.178	0.153	0.679
338		0.582	0.971	0.272	0.193
339		0.534	0.829	0.348	0.792
340		0.981	0.058	0.032	0.977
341		0.394	0.232	0.983	0.501
342		0.402	0.577	0.667	0.555
343		0.642	0.963	0.159	0.990
344		0.188	0.526	0.031	0.253
345		0.201	0.234	0.888	0.233
346		0.932	0.282	0.704	0.598
347		0.960	0.754	0.974	0.186
348		0.304	0.828	0.146	0.463
349		0.175	0.132	0.137	0.063
350		0.348	0.960	0.992	0.791
351		0.119	0.723	0.121	0.824
352		0.258	0.237	0.798	0.404
353		0.616	0.304	0.350	0.960
354		0.254	0.135	0.368	0.391
355		0.997	0.844	0.254	0.119
356		0.575	0.077	0.451	0.650
357		0.421	0.908	0.246	0.219
358		0.852	0.550	0.930	0.220
359		0.129	0.953	0.681	0.287
360		0.212	0.284	0.522	0.466
361		0.490	0.062	0.599	0.736
362		0.910	0.681	0.116	0.526
363		0.911	0.378	0.527	0.841
364		0.229	0.361	0.541	0.750
365		0.944	0.940	0.867	0.425
366		0.558	0.914	0.643	0.157
367		0.309	0.950	0.971	0.835
368		0.569	0.304	0.761	0.120
369		0.017	0.348	0.814	0.559
370		0.619	0.066	0.842	0.262
371		0.492	0.185	0.290	0.824
372		0.883	0.132	0.174	0.854
373		0.724	0.743	0.891	0.538
374		0.990	0.179	0.804	0.028
375		0.732	0.647	0.754	0.574
376		0.318	0.151	0.022	0.492
377		0.989	0.457	0.429	0.261
378		0.972	0.985	0.925	0.863
379		0.390	0.763	0.528	0.144
380		0.437	0.121	0.403	0.531
381		0.293	0.849	0.539	0.315
382		0.980	0.944	0.550	0.906
383		0.073	0.133	0.660	0.776
384		0.542	0.166	0.927	0.070
385		0.820	0.960	0.886	0.359
386		0.226	0.903	0.579	0.024
387		0.144	0.004	0.820	0.694
388		0.207	0.830	0.709	0.134
389		0.019	0.398	0.407	0.450
390		0.444	0.270	0.025	0.330
391		0.408	0.023	0.585	0.229
392		0.495	0.856	0.484	0.538
393		0.027	0.745	0.975	0.736
394		0.341	0.725	0.474	0.366
395		0.102	0.666	0.612	0.634
396		0.192	0.042	0.567	0.777
397		0.272	0.795	0.556	0.247
398		0.434	0.122	0.285	0.711
399		0.489	0.052	0.129	0.962
400		0.628	0.988	0.742	0.195
401		0.013	0.479	0.038	0.140
402		0.849	0.413	0.042	0.404
403		0.185	0.346	0.601	0.314
404		0.018	0.499	0.374	0.102
405		0.073	0.729	0.283	0.815
406		0.652	0.935	0.381	0.694
407		0.041	0.267	0.177	0.823
408		0.726	0.008	0.471	0.327
409		0.116	0.226	0.176	0.399
410		0.101	0.447	0.868	0.505
411		0.836	0.157	0.468	0.217
412		0.242	0.710	0.089	0.713
413		0.411	0.492	0.382	0.232
414		0.829	0.348	0.871	0.005
415		0.726	0.617	0.767	0.194
416		0.618	0.000	0.092	0.736
417		0.172	0.978	0.694	0.261
418		0.829	0.942	0.253	0.701
419		0.999	0.613	0.053	0.193
420		0.664	0.920	0.010	0.431
421		0.098	0.108	0.763	0.792
422		0.454	0.523	0.041	0.638
423		0.945	0.468	0.578	0.198
424		0.174	0.241	0.310	0.184
425		0.424	0.028	0.721	0.537
426		0.506	0.635	0.072	0.269
427		0.586	0.427	0.829	0.164
428		0.997	0.688	0.822	0.778
429		0.213	0.952	0.506	0.523
430		0.129	0.404	0.119	0.201
431		0.546	0.642	0.396	0.496
432		0.758	0.082	0.551	0.587
433		0.199	0.212	0.315	0.706
434		0.451	0.884	0.681	0.616
435		0.164	0.745	0.187	0.283
436		0.713	0.014	0.408	0.264
437		0.653	0.440	0.186	0.587
438		0.548	0.786	0.651	0.863
439		0.158	0.230	0.675	0.345
440		0.621	0.205	0.343	0.209
441		0.669	0.922	0.476	0.077
442		0.065	0.811	0.103	0.716
443		0.594	0.101	0.987	0.970
444		0.917	0.128	0.397	0.592
445		0.139	0.923	0.344	0.615
446		0.530	0.692	0.730	0.156
447		0.047	0.221	0.766	0.149
448		0.205	0.344	0.841	0.603
449		0.313	0.514	0.149	0.991
450		0.572	0.130	0.691	0.916
451		0.393	0.468	0.824	0.159
452		0.761	0.598	0.361	0.800
453		0.074	0.005	0.369	0.915
454		0.889	0.026	0.350	0.580
455		0.095	0.272	0.388	0.533
456		0.991	0.926	0.161	0.815
457		0.707	0.214	0.381	0.076
458		0.989	0.381	0.358	0.110
459		0.577	0.999	0.860	0.927
460		0.544	0.180	0.482	0.705
461		0.567	0.483	0.571	0.249
462		0.947	0.957	0.836	0.328
463		0.248	0.900	0.425	0.108
464		0.004	0.910	0.850	0.855
465		0.405	0.399	0.280	0.887
466		0.209	0.793	0.660	0.045
467		0.692	0.010	0.436	0.106
468		0.862	0.353	0.233	0.287
469		0.471	0.315	0.546	0.751
470		0.650	0.026	0.656	0.236
471		0.359	0.446	0.664	0.019
472		0.835	0.084	0.170	0.068
473		0.631	0.128	0.663	0.002
474		0.810	0.473	0.354	0.355
475		0.121	0.572	0.687	0.786
476		0.178	0.571	0.302	0.680
477		0.119	0.515	0.875	0.289
478		0.749	0.718	0.396	0.103
479		0.620	0.660	0.079	0.869
480		0.320	0.991	0.445	0.008
481		0.139	0.456	0.380	0.014
482		0.963	0.260	0.666	0.674
483		0.589	0.423	0.887	0.985
484		0.059	0.361	0.465	0.504
485		0.242	0.539	0.554	0.588
486		0.420	0.727	0.333	0.801
487		0.170	0.334	0.860	0.057
488		0.386	0.019	0.925	0.573
489		0.400	0.632	0.419	0.865
490		0.551	0.762	0.422	0.885
491		0.163	0.964	0.326	0.164
492		0.763	0.333	0.043	0.623
493		0.468	0.688	0.213	0.887
494		0.349	0.675	0.660	0.024
495		0.355	0.575	0.779	0.777
496		0.132	0.431	0.437	0.176
497		0.827	0.539	0.063	0.237
498		0.645	0.704	0.515	0.858
499		0.283	0.084	0.806	0.062
500		0.265	0.404	0.801	0.689
501		0.905	0.821	0.502	0.342
502		0.362	0.263	0.110	0.878
503		0.701	0.946	0.329	0.968
504		0.559	0.251	0.759	0.365
505		0.787	0.326	0.140	0.289
506		0.137	0.845	0.837	0.672
507		0.243	0.034	0.727	0.353
508		0.534	0.737	0.273	0.293
509		0.585	0.913	0.732	0.301
510		0.051	0.088	0.661	0.191
511		0.686	0.409	0.033	0.413
512		0.945	0.262	0.817	0.803
513		0.839	0.337	0.176	0.111
514		0.879	0.060	0.085	0.540
515		0.463	0.870	0.579	0.685
516		0.578	0.372	0.446	0.611
517		0.486	0.863	0.697	0.662
518		0.327	0.939	0.671	0.870
519		0.668	0.749	0.009	0.753
520		0.194	0.416	0.273	0.640
521		0.058	0.848	0.584	0.105
522		0.943	0.591	0.736	0.640
523		0.141	0.050	0.585	0.150
524		0.874	0.410	0.019	0.032
525		0.921	0.226	0.664	0.194
526		0.586	0.218	0.949	0.322
527		0.202	0.033	0.825	0.394
528		0.661	0.535	0.464	0.247
529		0.343	0.208	0.378	0.008
530		0.244	0.699	0.655	0.958
531		0.013	0.544	0.193	0.962
532		0.314	0.538	0.094	0.779
533		0.779	0.046	0.905	0.874
534		0.057	0.217	0.540	0.435
535		0.899	0.610	0.182	0.092
536		0.048	0.143	0.736	0.948
537		0.294	0.262	0.558	0.388
538		0.420	0.304	0.257	0.960
539		0.482	0.902	0.419	0.406
540		0.056	0.305	0.110	0.238
541		0.560	0.713	0.496	0.118
542		0.537	0.460	0.267	0.624
543		0.307	0.044	0.012	0.564
544		0.406	0.227	0.757	0.517
545		0.154	0.199	0.751	0.694
546		0.985	0.255	0.331	0.481
547		0.541	0.004	0.687	0.553
548		0.691	0.305	0.614	0.597
549		0.067	0.003	0.703	0.824
550		0.337	0.904	0.927	0.668
551		0.299	0.099	0.403	0.132
552		0.046	0.673	0.800	0.732
553		0.007	0.050	0.023	0.710
554		0.543	0.878	0.851	0.263
555		0.524	0.600	0.701	0.450
556		0.163	0.534	0.555	0.964
557		0.781	0.332	0.689	0.312
558		0.709	0.319	0.365	0.732
559		0.704	0.614	0.138	0.405
560		0.407	0.490	0.814	0.774
561		0.696	0.937	0.512	0.251
562		0.548	0.176	0.664	0.914
563		0.693	0.153	0.183	0.600
564		0.721	0.304	0.857	0.859
565		0.178	0.431	0.976	0.690
566		0.877	0.469	0.713	0.110
567		0.057	0.658	0.113	0.721
568		0.968	0.926	0.318	0.825
569		0.027	0.747	0.051	0.227
570		0.090	0.404	0.913	0.066
571		0.500	0.365	0.711	0.613
572		0.282	0.634	0.499	0.007
573		0.513	0.975	0.764	0.832
574		0.029	0.689	0.490	0.942
575		0.584	0.536	0.698	0.147
576		0.751	0.647	0.209	0.461
577		0.731	0.308	0.726	0.495
578		0.526	0.044	0.998	0.073
579		0.084	0.102	0.332	0.574
580		0.424	0.535	0.953	0.633
581		0.212	0.928	0.740	0.105
582		0.491	0.837	0.030	0.217
583		0.018	0.251	0.917	0.350
584		0.961	0.436	0.984	0.541
585		0.289	0.965	0.756	0.242
586		0.249	0.984	0.396	0.279
587		0.728	0.448	0.943	0.104
588		0.758	0.122	0.867	0.675
589		0.128	0.965	0.142	0.884
590		0.740	0.637	0.661	0.267
591		0.220	0.516	0.114	0.616
592		0.857	0.016	0.569	0.724
593		0.040	0.416	0.327	0.948
594		0.503	0.076	0.056	0.645
595		0.728	0.143	0.167	0.842
596		0.961	0.157	0.103	0.203
597		0.551	0.061	0.430	0.120
598		0.292	0.951	0.185	0.348
599		0.145	0.611	0.980	0.743
600		0.631	0.471	0.677	0.798
601		0.883	0.091	0.024	0.314
602		0.808	0.435	0.371	0.008
603		0.480	0.300	0.833	0.664
604		0.792	0.040	0.023	0.470
605		0.335	0.906	0.598	0.804
606		0.561	0.687	0.536	0.585
607		0.318	0.597	0.701	0.151
608		0.349	0.580	0.071	0.607
609		0.623	0.400	0.029	0.645
610		0.221	0.027	0.471	0.757
611		0.471	0.504	0.004	0.907
612		0.406	0.225	0.219	0.107
613		0.945	0.174	0.463	0.973
614		0.332	0.841	0.800	0.107
615		0.584	0.328	0.333	0.055
616		0.210	0.354	0.657	0.430
617		0.033	0.910	0.917	0.989
618		0.980	0.934	0.636	0.443
619		0.054	0.840	0.210	0.387
620		0.295	0.331	0.421	0.884
621		0.854	0.094	0.634	0.511
622		0.897	0.993	0.468	0.533
623		0.375	0.989	0.211	0.123
624		0.093	0.178	0.085	0.303
625		0.177	0.254	0.577	0.811
626		0.101	0.907	0.310	0.535
627		0.843	0.432	0.912	0.311
628		0.199	0.652	0.988	0.285
629		0.553	0.265	0.553	0.449
630		0.035	0.626	0.920	0.612
631		0.263	0.839	0.679	0.174
632		0.644	0.522	0.836	0.597
633		0.646	0.797	0.732	0.634
634		0.012	0.275	0.262	0.932
635		0.698	0.618	0.600	0.042
636		0.847	0.304	0.451	0.526
637		0.081	0.084	0.564	0.813
638		0.645	0.500	0.904	0.991
639		0.540	0.003	0.016	0.801
640		0.165	0.350	0.846	0.617
641		0.325	0.218	0.045	0.326
642		0.812	0.407	0.740	0.376
643		0.461	0.901	0.015	0.477
644		0.950	0.379	0.202	0.502
645		0.743	0.668	0.231	0.589
646		0.158	0.965	0.647	0.898
647		0.868	0.355	0.362	0.588
648		0.374	0.049	0.617	0.389
649		0.787	0.264	0.509	0.019
650		0.793	0.126	0.767	0.295
651		0.007	0.454	0.243	0.654
652		0.423	0.321	0.159	0.040
653		0.685	0.359	0.049	0.591
654		0.890	0.378	0.143	0.399
655		0.800	0.770	0.941	0.044
656		0.292	0.628	0.945	0.998
657		0.055	0.421	0.896	0.214
658		0.699	0.544	0.868	0.842
659		0.264	0.838	0.135	0.786
660		0.622	0.587	0.371	0.562
661		0.833	0.795	0.274	0.729
662		0.734	0.334	0.909	0.554
663		0.399	0.252	0.533	0.267
664		0.533	0.233	0.904	0.904
665		0.535	0.699	0.649	0.793
666		0.502	0.626	0.234	0.775
667		0.678	0.551	0.316	0.212
668		0.410	0.688	0.349	0.343
669		0.667	0.876	0.532	0.571
670		0.918	0.477	0.525	0.151
671		0.881	0.394	0.763	0.570
672		0.826	0.249	0.096	0.142
673		0.448	0.930	0.771	0.980
674		0.551	0.307	0.608	0.030
675		0.507	0.948	0.760	0.033
676		0.038	0.602	0.732	0.135
677		0.192	0.049	0.297	0.341
678		0.192	0.789	0.243	0.963
679		0.358	0.860	0.492	0.119
680		0.590	0.132	0.806	0.083
681		0.289	0.122	0.509	0.021
682		0.617	0.742	0.344	0.860
683		0.113	0.604	0.219	0.189
684		0.764	0.547	0.817	0.255
685		0.705	0.804	0.050	0.214
686		0.307	0.467	0.039	0.612
687		0.594	0.230	0.759	0.938
688		0.651	0.447	0.788	0.468
689		0.454	0.177	0.548	0.251
690		0.477	0.956	0.497	0.527
691		0.653	0.956	0.676	0.412
692		0.765	0.877	0.946	0.460
693		0.186	0.111	0.008	0.974
694		0.448	0.736	0.635	0.945
695		0.805	0.268	0.097	0.442
696		0.543	0.095	0.586	0.219
697		0.945	0.614	0.555	0.953
698		0.133	0.663	0.016	0.889
699		0.695	0.337	0.658	0.331
700		0.180	0.562	0.673	0.766
701		0.180	0.247	0.766	0.564
702		0.210	0.509	0.288	0.765
703		0.048	0.587	0.125	0.706
704		0.407	0.627	0.053	0.958
705		0.631	0.138	0.206	0.303
706		0.826	0.963	0.557	0.114
707		0.020	0.989	0.626	0.145
708		0.413	0.193	0.468	0.538
709		0.171	0.070	0.041	0.377
710		0.945	0.365	0.857	0.096
711		0.905	0.922	0.080	0.463
712		0.906	0.847	0.821	0.374
713		0.720	0.759	0.331	0.246
714		0.234	0.417	0.269	0.275
715		0.277	0.405	0.238	0.357
716		0.273	0.165	0.350	0.297
717		0.978	0.203	0.446	0.799
718		0.534	0.397	0.182	0.803
719		0.977	0.445	0.892	0.136
720		0.208	0.413	0.350	0.446
721		0.534	0.545	0.218	0.979
722		0.794	0.811	0.863	0.130
723		0.628	0.664	0.370	0.810
724		0.857	0.142	0.336	0.207
725		0.106	0.425	0.306	0.041
726		0.321	0.575	0.537	0.539
727		0.338	0.371	0.127	0.708
728		0.594	0.751	0.969	0.506
729		0.892	0.364	0.827	0.229
730		0.987	0.041	0.951	0.524
731		0.505	0.404	0.913	0.870
732		0.376	0.208	0.517	0.503
733		0.351	0.559	0.967	0.178
734		0.537	0.592	0.123	0.533
735		0.499	0.520	0.353	0.449
736		0.595	0.222	0.031	0.112
737		0.948	0.811	0.821	0.614
738		0.424	0.966	0.037	0.390
739		0.049	0.446	0.981	0.402
740		0.025	0.335	0.849	0.472
741		0.672	0.067	0.404	0.703
742		0.467	0.373	0.231	0.504
743		0.375	0.329	0.692	0.111
744		0.153	0.160	0.722	0.133
745		0.079	0.139	0.697	0.482
746		0.876	0.611	0.493	0.866
747		0.758	0.333	0.934	0.989
748		0.442	0.542	0.636	0.164
749		0.197	0.782	0.833	0.095
750		0.464	0.173	0.387	0.161
751		0.826	0.480	0.235	0.760
752		0.072	0.458	0.834	0.238
753		0.309	0.680	0.389	0.945
754		0.875	0.362	0.410	0.262
755		0.066	0.490	0.560	0.332
756		0.462	0.159	0.692	0.698
757		0.223	0.304	0.688	0.613
758		0.533	0.677	0.392	0.159
759		0.629	0.034	0.938	0.039
760		0.998	0.483	0.596	0.690
761		0.515	0.851	0.950	0.891
762		0.958	0.114	0.150	0.647
763		0.980	0.420	0.372	0.917
764		0.668	0.377	0.564	0.454
765		0.002	0.452	0.880	0.598
766		0.837	0.970	0.117	0.986
767		0.844	0.385	0.796	0.247
768		0.134	0.227	0.595	0.506
769		0.919	0.620	0.080	0.800
770		0.221	0.860	0.330	0.212
771		0.333	0.049	0.841	0.450
772		0.597	0.387	0.768	0.192
773		0.912	0.247	0.068	0.434
774		0.696	0.353	0.485	0.776
775		0.884	0.366	0.258	0.725
776		0.294	0.182	0.109	0.716
777		0.650	0.313	0.822	0.418
778		0.617	0.479	0.116	0.102
779		0.269	0.805	0.251	0.282
780		0.460	0.166	0.203	0.718
781		0.509	0.777	0.040	0.331
782		0.545	0.046	0.524	0.297
783		0.288	0.914	0.307	0.404
784		0.659	0.272	0.120	0.862
785		0.011	0.881	0.002	0.085
786		0.730	0.594	0.785	0.770
787		0.799	0.792	0.527	0.107
788		0.543	0.668	0.868	0.365
789		0.822	0.023	0.752	0.943
790		0.774	0.474	0.633	0.559
791		0.558	0.539	0.560	0.529
792		0.174	0.328	0.835	0.701
793		0.583	0.722	0.632	0.336
794		0.517	0.078	0.619	0.283
795		0.658	0.057	0.297	0.291
796		0.199	0.276	0.706	0.034
797		0.141	0.065	0.221	0.243
798		0.829	0.827	0.687	0.461
799		0.063	0.627	0.319	0.360
800		0.935	0.902	0.768	0.091
801		0.146	0.290	0.280	0.851
802		0.354	0.306	0.062	0.041
803		0.225	0.392	0.747	0.465
804		0.008	0.529	0.989	0.327
805		0.795	0.821	0.642	0.074
806		0.966	0.331	0.664	0.356
807		0.899	0.710	0.114	0.962
808		0.504	0.636	0.180	0.493
809		0.069	0.400	0.225	0.860
810		0.578	0.654	0.896	0.220
811		0.867	0.132	0.251	0.981
812		0.002	0.862	0.280	0.144
813		0.931	0.648	0.127	0.112
814		0.616	0.893	0.695	0.512
815		0.423	0.080	0.299	0.483
816		0.840	0.350	0.444	0.091
817		0.684	0.748	0.884	0.811
818		0.024	0.901	0.040	0.565
819		0.080	0.180	0.111	0.775
820		0.084	0.362	0.031	0.527
821		0.362	0.064	0.544	0.554
822		0.780	0.238	0.628	0.664
823		0.167	0.608	0.433	0.278
824		0.125	0.501	0.582	0.896
825		0.264	0.980	0.385	0.295
826		0.451	0.161	0.449	0.079
827		0.498	0.567	0.513	0.448
828		0.766	0.615	0.703	0.198
829		0.418	0.932	0.199	0.803
830		0.706	0.640	0.883	0.277
831		0.093	0.728	0.183	0.542
832		0.469	0.287	0.103	0.172
833		0.996	0.258	0.808	0.391
834		0.028	0.809	0.858	0.227
835		0.273	0.061	0.938	0.456
836		0.745	0.464	0.643	0.119
837		0.130	0.589	0.273	0.233
838		0.946	0.594	0.430	0.804
839		0.042	0.888	0.753	0.294
840		0.963	0.567	0.916	0.900
841		0.474	0.292	0.353	0.746
842		0.114	0.504	0.755	0.133
843		0.376	0.079	0.664	0.806
844		0.626	0.200	0.709	0.543
845		0.732	0.061	0.746	0.220
846		0.511	0.694	0.515	0.864
847		0.014	0.171	0.190	0.678
848		0.073	0.162	0.824	0.844
849		0.965	0.470	0.600	0.674
850		0.297	0.957	0.321	0.811
851		0.761	0.851	0.799	0.705
852		0.911	0.719	0.816	0.101
853		0.958	0.582	0.487	0.558
854		0.500	0.258	0.663	0.574
855		0.290	0.870	0.661	0.612
856		0.179	0.191	0.797	0.995
857		0.193	0.787	0.467	0.752
858		0.484	0.709	0.986	0.971
859		0.228	0.195	0.915	0.889
860		0.597	0.371	0.180	0.130
861		0.257	0.308	0.843	0.054
862		0.494	0.086	0.708	0.480
863		0.975	0.722	0.529	0.499
864		0.574	0.728	0.823	0.489
865		0.639	0.067	0.524	0.481
866		0.827	0.617	0.367	0.917
867		0.366	0.412	0.304	0.074
868		0.242	0.464	0.275	0.064
869		0.892	0.694	0.039	0.880
870		0.254	0.518	0.570	0.778
871		0.835	0.423	0.934	0.140
872		0.827	0.501	0.545	0.441
873		0.093	0.683	0.856	0.368
874		0.944	0.102	0.659	0.513
875		0.659	0.203	0.485	0.275
876		0.008	0.110	0.684	0.942
877		0.143	0.819	0.892	0.999
878		0.639	0.807	0.447	0.080
879		0.588	0.023	0.757	0.247
880		0.001	0.129	0.291	0.684
881		0.541	0.865	0.840	0.292
882		0.049	0.435	0.409	0.941
883		0.896	0.631	0.683	0.653
884		0.220	0.289	0.784	0.960
885		0.964	0.960	0.540	0.256
886		0.101	0.500	0.524	0.510
887		0.958	0.106	0.021	0.199
888		0.681	0.095	0.781	0.365
889		0.448	0.407	0.505	0.988
890		0.150	0.599	0.460	0.660
891		0.549	0.760	0.550	0.073
892		0.526	0.694	0.326	0.307
893		0.074	0.966	0.643	0.112
894		0.187	0.560	0.817	0.692
895		0.197	0.488	0.262	0.747
896		0.532	0.738	0.592	0.908
897		0.823	0.433	0.444	0.149
898		0.116	0.333	0.894	0.932
899		0.443	0.412	0.868	0.590
900		0.369	0.788	0.840	0.631
901		0.024	0.816	0.504	0.468
902		0.244	0.971	0.188	0.950
903		0.522	0.066	0.450	0.416
904		0.762	0.712	0.237	0.601
905		0.772	0.002	0.505	0.045
906		0.576	0.068	0.811	0.079
907		0.623	0.486	0.340	0.073
908		0.338	0.548	0.761	0.748
909		0.210	0.509	0.602	0.447
910		0.108	0.025	0.332	0.919
911		0.868	0.695	0.428	0.374
912		0.702	0.997	0.145	0.042
913		0.508	0.019	0.637	0.110
914		0.747	0.054	0.684	0.860
915		0.948	0.968	0.529	0.279
916		0.242	0.765	0.519	0.387
917		0.589	0.434	0.186	0.207
918		0.313	0.714	0.261	0.950
919		0.382	0.359	0.525	0.912
920		0.412	0.546	0.785	0.995
921		0.306	0.237	0.373	0.825
922		0.299	0.679	0.334	0.560
923		0.159	0.286	0.327	0.037
924		0.884	0.419	0.056	0.409
925		0.485	0.785	0.053	0.858
926		0.677	0.037	0.023	0.734
927		0.643	0.033	0.082	0.978
928		0.576	0.921	0.592	0.632
929		0.923	0.325	0.152	0.799
930		0.969	0.284	0.589	0.023
931		0.582	0.865	0.467	0.664
932		0.059	0.375	0.979	0.939
933		0.152	0.515	0.333	0.744
934		0.276	0.786	0.751	0.865
935		0.893	0.064	0.507	0.073
936		0.941	0.655	0.150	0.407
937		0.107	0.123	0.920	0.440
938		0.066	0.104	0.535	0.538
939		0.002	0.814	0.706	0.753
940		0.028	0.962	0.375	0.178
941		0.694	0.171	0.836	0.389
942		0.241	0.495	0.266	0.161
943		0.960	0.671	0.581	0.666
944		0.260	0.180	0.070	0.003
945		0.789	0.031	0.164	0.164
946		0.523	0.611	0.743	0.789
947		0.678	0.923	0.001	0.718
948		0.767	0.678	0.262	0.347
949		0.726	0.546	0.641	0.891
950		0.851	0.424	0.568	0.232
951		0.815	0.755	0.405	0.558
952		0.058	0.945	0.632	0.320
953		0.977	0.007	0.899	0.501
954		0.509	0.228	0.309	0.151
955		0.336	0.402	0.988	0.741
956		0.532	0.919	0.196	0.998
957		0.150	0.056	0.042	0.783
958		0.146	0.742	0.489	0.455
959		0.607	0.473	0.894	0.149
960		0.128	0.486	0.461	0.115
961		0.242	0.767	0.702	0.284
962		0.078	0.618	0.309	0.462
963		0.570	0.608	0.593	0.059
964		0.595	0.508	0.301	0.056
965		0.528	0.477	0.271	0.673
966		0.916	0.915	0.861	0.617
967		0.668	0.291	0.765	0.262
968		0.827	0.748	0.015	0.363
969		0.830	0.957	0.637	0.131
970		0.584	0.447	0.247	0.445
971		0.446	0.856	0.760	0.264
972		0.917	0.932	0.868	0.682
973		0.070	0.062	0.829	0.707
974		0.842	0.967	0.851	0.332
975		0.182	0.915	0.946	0.429
976		0.794	0.687	0.070	0.662
977		0.264	0.879	0.879	0.205
978		0.751	0.275	0.172	0.581
979		0.448	0.397	0.670	0.393
980		0.031	0.403	0.700	0.247
981		0.839	0.041	0.860	0.909
982		0.692	0.861	0.653	0.864
983		0.634	0.228	0.864	0.584
984		0.619	0.032	0.841	0.289
985		0.001	0.205	0.608	0.862
986		0.311	0.092	0.286	0.892
987		0.664	0.584	0.062	0.316
988		0.119	0.987	0.566	0.960
989		0.991	0.626	0.596	0.819
990		0.163	0.820	0.197	0.771
991		0.974	0.262	0.557	0.036
992		0.004	0.539	0.529	0.680
993		0.064	0.799	0.893	0.630
994		0.377	0.927	0.261	0.574
995		0.943	0.886	0.779	0.717
996		0.753	0.691	0.745	0.310
997		0.173	0.915	0.793	0.066
998		0.552	0.234	0.166	0.937
999		0.607	0.313	0.926	0.868
1000		0.256	0.155	0.218	0.001
1001		0.945	0.324	0.779	0.211
1002		0.773	0.384	0.091	0.566
1003		0.683	0.410	0.368	0.609
1004		0.256	0.232	0.088	0.029
1005		0.615	0.286	0.790	0.834
1006		0.786	0.808	0.374	0.877
1007		0.823	0.513	0.492	0.507
1008		0.547	0.190	0.726	0.915
1009		0.665	0.707	0.486	0.455
1010		0.773	0.710	0.319	0.383
1011		0.309	0.169	0.552	0.683
1012		0.875	0.965	0.203	0.601
1013		0.001	0.604	0.051	0.031
1014		0.252	0.696	0.402	0.737
1015		0.605	0.570	0.062	0.156
1016		0.108	0.082	0.759	0.667
1017		0.771	0.542	0.464	0.974
1018		0.442	0.647	0.703	0.844
1019		0.854	0.787	0.895	0.715
1020		0.788	0.319	0.618	0.850
1021		0.057	0.401	0.167	0.521
1022		0.309	0.866	0.350	0.056
1023		0.357	0.498	0.908	0.060
1024		0.177	0.975	0.948	0.796
1025		0.424	0.667	0.782	0.981
1026		0.407	0.038	0.698	0.573
1027		0.686	0.781	0.437	0.594
1028		0.780	0.887	0.755	0.909
1029		0.384	0.086	0.049	0.332
1030		0.845	0.062	0.775	0.543
1031		0.334	0.615	0.518	0.759
1032		0.456	0.445	0.819	0.893
1033		0.999	0.798	0.668	0.048
1034		0.550	0.922	0.886	0.098
1035		0.623	0.943	0.639	0.398
1036		0.140	0.249	0.935	0.959
1037		0.973	0.619	0.815	0.899
1038		0.397	0.898	0.832	0.065
1039		0.445	0.471	0.657	0.084
1040		0.143	0.359	0.600	0.244
1041		0.090	0.383	0.399	0.025
1042		0.995	0.753	0.795	0.827
1043		0.741	0.789	0.434	0.608
1044		0.147	0.053	0.107	0.804
1045		0.647	0.666	0.574	0.046
1046		0.916	0.587	0.689	0.878
1047		0.586	0.872	0.697	0.381
1048		0.125	0.097	0.783	0.232
1049		0.921	0.208	0.848	0.416
1050		0.038	0.063	0.449	0.612
1051		0.640	0.415	0.278	0.337
1052		0.978	0.853	0.919	0.466
1053		0.649	0.590	0.899	0.432
1054		0.814	0.686	0.833	0.263
1055		0.942	0.402	0.826	0.638
1056		0.232	0.278	0.647	0.511
1057		0.270	0.011	0.544	0.169
1058		0.367	0.969	0.796	0.397
1059		0.566	0.211	0.304	0.398
1060		0.107	0.660	0.255	0.754
1061		0.870	0.197	0.659	0.337
1062		0.613	0.607	0.570	0.157
1063		0.362	0.375	0.132	0.666
1064		0.605	0.268	0.113	0.481
1065		0.091	0.588	0.356	0.346
1066		0.098	0.799	0.160	0.668
1067		0.936	0.681	0.480	0.681
1068		0.401	0.043	0.866	0.532
1069		0.673	0.843	0.206	0.029
1070		0.548	0.555	0.404	0.088
1071		0.957	0.186	0.541	0.117
1072		0.026	0.377	0.777	0.892
1073		0.486	0.531	0.047	0.463
1074		0.665	0.136	0.126	0.872
1075		0.461	0.676	0.694	0.002
1076		0.548	0.499	0.846	0.084
1077		0.580	0.110	0.853	0.357
1078		0.816	0.475	0.442	0.941
1079		0.607	0.256	0.767	0.326
1080		0.275	0.788	0.650	0.969
1081		0.764	0.869	0.711	0.617
1082		0.713	0.379	0.068	0.246
1083		0.375	0.062	0.664	0.817
1084		0.233	0.053	0.538	0.883
1085		0.327	0.326	0.540	0.616
1086		0.141	0.380	0.484	0.852
1087		0.565	0.152	0.874	0.229
1088		0.878	0.240	0.393	0.137
1089		0.143	0.370	0.071	0.680
1090		0.196	0.774	0.004	0.680
1091		0.001	0.389	0.192	0.377
1092		0.004	0.942	0.319	0.878
1093		0.429	0.824	0.263	0.500
1094		0.517	0.593	0.513	0.097
1095		0.137	0.292	0.999	0.141
1096		0.528	0.822	0.461	0.847
1097		0.632	0.136	0.456	0.044
1098		0.349	0.472	0.642	0.611
1099		0.790	0.796	0.517	0.789
1100		0.489	0.415	0.079	0.850
1101		0.597	0.378	0.055	0.058
1102		0.178	0.559	0.207	0.820
1103		0.179	0.967	0.299	0.743
1104		0.523	0.534	0.423	0.040
1105		0.970	0.036	0.757	0.025
1106		0.982	0.780	0.785	0.343
1107		0.519	0.521	0.550	0.726
1108		0.934	0.544	0.182	0.357
1109		0.505	0.716	0.113	0.242
1110		0.493	0.213	0.190	0.250
1111		0.009	0.589	0.097	0.559
1112		0.438	0.281	0.219	0.746
1113		0.867	0.680	0.844	0.049
1114		0.908	0.035	0.009	0.098
1115		0.247	0.383	0.517	0.265
1116		0.093	0.274	0.041	0.190
1117		0.414	0.442	0.054	0.259
1118		0.091	0.687	0.045	0.844
1119		0.841	0.752	0.263	0.850
1120		0.686	0.158	0.635	0.727
1121		0.468	0.082	0.976	0.581
1122		0.350	0.996	0.100	0.404
1123		0.169	0.478	0.092	0.432
1124		0.942	0.980	0.424	0.175
1125		0.785	0.861	0.203	0.420
1126		0.327	0.877	0.465	0.426
1127		0.719	0.018	0.776	0.660
1128		0.115	0.829	0.132	0.207
1129		0.287	0.670	0.185	0.491
1130		0.772	0.042	0.978	0.441
1131		0.447	0.768	0.446	0.911
1132		0.867	0.619	0.119	0.999
1133		0.381	0.459	0.975	0.623
1134		0.299	0.910	0.013	0.483
1135		0.012	0.528	0.465	0.459
1136		0.659	0.186	0.069	0.871
1137		0.359	0.738	0.308	0.478
1138		0.540	0.408	0.392	0.553
1139		0.793	0.657	0.146	0.236
1140		0.843	0.248	0.266	0.308
1141		0.583	0.133	0.576	0.891
1142		0.313	0.025	0.471	0.509
1143		0.953	0.049	0.541	0.345
1144		0.997	0.421	0.623	0.263
1145		0.330	0.968	0.696	0.223
1146		0.534	0.806	0.875	0.110
1147		0.855	0.911	0.981	0.396
1148		0.583	0.829	0.395	0.842
1149		0.770	0.839	0.828	0.393
1150		0.811	0.787	0.752	0.686
1151		0.448	0.173	0.319	0.170
1152		0.251	0.025	0.042	0.231
1153		0.657	0.463	0.496	0.486
1154		0.597	0.043	0.578	0.667
1155		0.524	0.478	0.083	0.275
1156		0.466	0.549	0.919	0.508
1157		0.341	0.806	0.595	0.591
1158		0.251	0.249	0.962	0.747
1159		0.075	0.920	0.488	0.158
1160		0.652	0.137	0.919	0.988
1161		0.812	0.454	0.985	0.731
1162		0.267	0.611	0.912	0.229
1163		0.647	0.047	0.703	0.425
1164		0.713	0.499	0.363	0.202
1165		0.230	0.289	0.295	0.215
1166		0.257	0.981	0.093	0.024
1167		0.756	0.292	0.952	0.668
1168		0.011	0.726	0.239	0.374
1169		0.896	0.932	0.782	0.690
1170		0.623	0.921	0.698	0.918
1171		0.457	0.567	0.491	0.410
1172		0.012	0.720	0.550	0.580
1173		0.289	0.592	0.459	0.528
1174		0.307	0.793	0.035	0.005
1175		0.171	0.723	0.886	0.288
1176		0.086	0.745	0.101	0.577
1177		0.608	0.176	0.762	0.067
1178		0.728	0.455	0.128	0.626
1179		0.242	0.933	0.418	0.277
1180		0.195	0.102	0.480	0.296
1181		0.635	0.632	0.268	0.510
1182		0.438	0.117	0.694	0.199
1183		0.264	0.767	0.486	0.682
1184		0.424	0.811	0.492	0.085
1185		0.228	0.279	0.928	0.708
1186		0.725	0.312	0.970	0.419
1187		0.155	0.817	0.438	0.794
1188		0.990	0.058	0.110	0.476
1189		0.378	0.874	0.264	0.305
1190		0.839	0.912	0.926	0.046
1191		0.779	0.772	0.098	0.750
1192		0.350	0.038	0.757	0.460
1193		0.497	0.614	0.414	0.048
1194		0.398	0.426	0.135	0.662
1195		0.430	0.423	0.320	0.528
1196		0.511	0.138	0.078	0.519
1197		0.776	0.869	0.223	0.533
1198		0.203	0.549	0.504	0.338
1199		0.235	0.056	0.712	0.879
1200		0.260	0.309	0.123	0.579
1201		0.159	0.150	0.478	0.382
1202		0.807	0.119	0.714	0.750
1203		0.792	0.953	0.818	0.296
1204		0.048	0.000	0.719	0.172
1205		0.556	0.468	0.670	0.530
1206		0.279	0.690	0.992	0.757
1207		0.459	0.181	0.267	0.277
1208		0.559	0.305	0.009	0.907
1209		0.419	0.955	0.046	0.138
1210		0.437	0.575	0.914	0.428
1211		0.985	0.104	0.896	0.176
1212		0.210	0.635	0.673	0.478
1213		0.262	0.578	0.900	0.308
1214		0.027	0.933	0.410	0.622
1215		0.634	0.058	0.803	0.548
1216		0.082	0.242	0.344	0.755
1217		0.255	0.905	0.756	0.471
1218		0.700	0.733	0.641	0.600
1219		0.202	0.401	0.307	0.006
1220		0.794	0.141	0.482	0.384
1221		0.191	0.467	0.414	0.535
1222		0.190	0.590	0.993	0.831
1223		0.033	0.188	0.817	0.007
1224		0.066	0.209	0.356	0.373
1225		0.528	0.978	0.018	0.941
1226		0.240	0.074	0.302	0.367
1227		0.562	0.558	0.553	0.556
1228		0.533	0.625	0.805	0.889
1229		0.019	0.194	0.165	0.374
1230		0.716	0.902	0.959	0.734
1231		0.881	0.336	0.899	0.435
1232		0.288	0.177	0.480	0.866
1233		0.076	0.398	0.362	0.881
1234		0.461	0.242	0.176	0.419
1235		0.019	0.891	0.951	0.937
1236		0.293	0.819	1.000	0.192
1237		0.168	0.447	0.744	0.530
1238		0.030	0.891	0.227	0.511
1239		0.501	0.971	0.658	0.677
1240		0.945	0.878	0.452	0.945
1241		0.705	0.836	0.550	0.136
1242		0.895	0.304	0.654	0.639
1243		0.140	0.710	0.151	0.798
1244		0.542	0.433	0.083	0.823
1245		0.717	0.768	0.896	0.169
1246		0.755	0.411	0.314	0.409
1247		0.148	0.390	0.718	0.872
1248		0.898	0.012	0.308	0.048
1249		0.262	0.495	0.181	0.158
1250		0.894	0.124	0.538	0.442
1251		0.549	0.197	0.050	0.863
1252		0.594	0.715	0.894	0.901
1253		0.704	0.596	0.354	0.948
1254		0.766	0.209	0.868	0.947
1255		0.131	0.619	0.480	0.181
1256		0.086	0.280	0.491	0.081
1257		0.373	0.675	0.812	0.267
1258		0.546	0.696	0.128	0.414
1259		0.496	0.946	0.484	0.987
1260		0.767	0.118	0.635	0.247
1261		0.676	0.981	0.088	0.488
1262		0.664	0.063	0.219	0.836
1263		0.138	0.382	0.688	0.267
1264		0.758	0.582	0.867	0.393
1265		0.166	0.509	0.161	0.744
1266		0.575	0.420	0.097	0.663
1267		0.964	0.703	0.544	0.652
1268		0.340	0.983	0.732	0.083
1269		0.481	0.841	0.379	0.349
1270		0.858	0.943	0.679	0.955
1271		0.586	0.300	0.933	0.557
1272		0.095	0.521	0.567	0.640
1273		0.954	0.750	0.903	0.333
1274		0.137	0.541	0.613	0.879
1275		0.872	0.737	0.853	0.551
1276		0.857	0.487	0.215	0.424
1277		0.388	0.960	0.107	0.544
1278		0.169	0.497	0.977	0.073
1279		0.281	0.561	0.826	0.134
1280		0.518	0.593	0.250	0.511
1281		0.945	0.368	0.471	0.160
1282		0.979	0.874	0.590	0.956
1283		0.420	0.032	0.157	0.791
1284		0.245	0.072	0.282	0.071
1285		0.783	0.589	0.468	0.255
1286		0.260	0.853	0.297	0.010
1287		0.389	0.989	0.431	0.979
1288		0.698	0.780	0.262	0.980
1289		0.468	0.374	0.441	0.267
1290		0.542	0.050	0.608	0.010
1291		0.714	0.043	0.269	0.145
1292		0.214	0.524	0.421	0.191
1293		0.611	0.889	0.838	0.873
1294		0.262	0.673	0.657	0.870
1295		0.962	0.226	0.953	0.119
1296		0.233	0.833	0.924	0.502
1297		0.560	0.979	0.797	0.399
1298		0.665	0.088	0.193	0.908
1299		0.801	0.170	0.891	0.458
1300		0.147	0.759	0.372	0.070
1301		0.351	0.017	0.978	0.853
1302		0.885	0.413	0.363	0.682
1303		0.118	0.209	0.426	0.010
1304		0.466	0.584	0.087	0.732
1305		0.626	0.879	0.870	0.998
1306		0.350	0.995	0.614	0.713
1307		0.425	0.927	0.024	0.325
1308		0.280	0.443	0.544	0.707
1309		0.148	0.923	0.784	0.018
1310		0.734	0.149	0.270	0.700
1311		0.471	0.050	0.253	0.085
1312		0.025	0.235	0.278	0.569
1313		0.730	0.780	0.114	0.767
1314		0.020	0.914	0.001	0.804
1315		0.340	0.663	0.288	0.594
1316		0.050	0.524	0.259	0.740
1317		0.093	0.766	0.713	0.371
1318		0.193	0.789	0.782	0.194
1319		0.715	0.116	0.130	0.796
1320		0.368	0.137	0.972	0.656
1321		0.733	0.072	0.212	0.447
1322		0.548	0.101	0.544	0.663
1323		0.412	0.856	0.659	0.194
1324		0.474	0.750	0.841	0.445
1325		0.572	0.165	0.112	0.826
1326		0.558	0.559	0.216	0.771
1327		0.977	0.613	0.837	0.637
1328		0.886	0.888	0.716	0.052
1329		0.420	0.525	0.020	0.261
1330		0.279	0.096	0.218	0.495
1331		0.224	0.153	0.185	0.331
1332		0.166	0.308	0.968	0.003
1333		0.103	0.911	0.466	0.123
1334		0.437	0.549	0.005	0.572
1335		0.664	0.851	0.182	0.882
1336		0.854	0.399	0.745	0.822
1337		0.689	0.597	0.292	0.522
1338		0.233	0.625	0.998	0.700
1339		0.383	0.840	0.559	0.565
1340		0.905	0.613	0.828	0.404
1341		0.264	0.258	0.245	0.009
1342		0.764	0.173	0.845	0.762
1343		0.594	0.933	0.009	0.890
1344		0.717	0.273	0.949	0.276
1345		0.296	0.763	0.844	0.541
1346		0.923	0.189	0.470	0.600
1347		0.690	0.363	0.302	0.536
1348		0.167	0.900	0.293	0.115
1349		0.131	0.786	0.358	0.581
1350		0.944	0.878	0.047	0.788
1351		0.737	0.979	0.674	0.038
1352		0.800	0.213	0.644	0.858
1353		0.663	0.024	0.295	0.956
1354		0.209	0.773	0.546	0.256
1355		0.965	0.075	0.272	0.573
1356		0.583	0.310	0.343	0.257
1357		0.956	0.165	0.938	0.251
1358		0.077	0.723	0.207	0.002
1359		0.875	0.211	0.324	0.421
1360		0.906	0.739	0.269	0.249
1361		0.618	0.106	0.052	0.179
1362		0.967	0.135	0.772	0.905
1363		0.660	0.975	0.196	0.984
1364		0.663	0.869	0.782	0.206
1365		0.741	0.112	0.764	0.010
1366		0.075	0.779	0.941	0.847
1367		0.328	0.740	0.666	0.437
1368		0.650	0.097	0.815	0.846
1369		0.976	0.734	0.827	0.740
1370		0.188	0.499	0.372	0.655
1371		0.178	0.730	0.090	0.120
1372		0.158	0.090	0.982	0.973
1373		0.064	0.185	0.445	0.014
1374		0.160	0.990	0.913	0.987
1375		0.541	0.207	0.560	0.630
1376		0.138	0.404	0.774	0.455
1377		0.659	0.613	0.933	0.641
1378		0.949	0.474	0.709	0.862
1379		0.439	0.519	0.637	0.668
1380		0.467	0.209	0.755	0.028
1381		0.086	0.515	0.234	0.019
1382		0.820	0.887	0.861	0.591
1383		0.579	0.541	0.675	0.289
1384		0.469	0.241	0.604	0.224
1385		0.444	0.307	0.434	0.687
1386		0.055	0.773	0.679	0.289
1387		0.880	0.275	0.242	0.555
1388		0.644	0.692	0.291	0.566
1389		0.686	0.035	0.706	0.291
1390		0.729	0.464	0.194	0.407
1391		0.986	0.242	0.863	0.665
1392		0.564	0.544	0.212	0.806
1393		0.256	0.753	0.050	0.963
1394		0.309	0.937	0.778	0.875
1395		0.200	0.604	0.810	0.394
1396		0.191	0.990	0.588	0.404
1397		0.687	0.179	0.245	0.478
1398		0.261	0.735	0.999	0.311
1399		0.981	0.020	0.099	0.791
1400		0.110	0.354	0.793	0.364
1401		0.837	0.555	0.769	0.425
1402		0.383	0.071	0.326	0.382
1403		0.023	0.425	0.001	0.658
1404		0.496	0.638	0.266	0.595
1405		0.562	0.310	0.623	0.332
1406		0.582	0.896	0.848	0.719
1407		0.439	0.103	0.777	0.764
1408		0.155	0.655	0.083	0.421
1409		0.512	0.100	0.956	0.295
1410		0.024	0.857	0.883	0.648
1411		0.790	0.905	0.052	0.567
1412		0.537	0.725	0.456	0.446
1413		0.901	0.601	0.539	0.984
1414		0.695	0.770	0.647	0.578
1415		0.835	0.196	0.647	0.920
1416		0.596	0.710	0.566	0.648
1417		0.886	0.593	0.232	0.426
1418		0.254	0.216	0.073	0.377
1419		0.863	0.072	0.731	0.510
1420		0.508	0.391	0.976	0.074
1421		0.253	0.310	0.223	0.255
1422		0.854	0.141	0.594	0.087
1423		0.743	0.106	0.789	0.474
1424		0.439	0.622	0.962	0.285
1425		0.228	0.793	0.809	0.203
1426		0.178	0.925	0.852	0.772
1427		0.418	0.942	0.353	0.200
1428		0.071	0.943	0.292	0.860
1429		0.457	0.099	0.377	0.267
1430		0.243	0.114	0.758	0.420
1431		0.469	0.598	0.111	0.321
1432		0.497	0.546	0.883	0.789
1433		0.300	0.698	0.705	0.340
1434		0.289	0.797	0.668	0.666
1435		0.363	0.198	0.927	0.474
1436		0.296	0.597	0.259	0.607
1437		0.198	0.104	0.619	0.081
1438		0.160	0.019	0.518	0.828
1439		0.581	0.798	0.594	0.759
1440		0.923	0.122	0.724	0.850
1441		0.266	0.700	0.857	0.885
1442		0.751	0.910	0.162	0.343
1443		0.883	0.503	0.660	0.400
1444		0.655	0.863	0.863	0.379
1445		0.459	0.622	0.859	0.653
1446		0.612	0.920	0.823	0.469
1447		0.356	0.648	0.066	0.017
1448		0.397	0.362	0.030	0.526
1449		0.770	0.181	0.165	0.633
1450		0.305	0.349	0.665	0.127
1451		0.470	0.731	0.039	0.186
1452		0.602	0.542	0.144	0.668
1453		0.223	0.992	0.772	0.388
1454		0.332	0.266	0.717	0.514
1455		0.462	0.819	0.353	0.127
1456		0.173	0.813	0.325	0.317
1457		0.884	0.510	0.545	0.805
1458		0.137	0.027	0.724	0.909
1459		0.685	0.527	0.574	0.038
1460		0.521	0.210	0.252	0.198
1461		0.035	0.371	0.233	0.360
1462		0.930	0.396	0.076	0.654
1463		0.491	0.002	0.546	0.173
1464		0.301	0.858	0.594	0.875
1465		0.526	0.535	0.964	0.759
1466		0.653	0.473	0.138	0.851
1467		0.187	0.781	0.128	0.263
1468		0.504	0.279	0.785	0.098
1469		0.681	0.347	0.550	0.787
1470		0.143	0.313	0.381	0.108
1471		0.277	0.601	0.393	0.405
1472		0.827	0.837	0.618	0.264
1473		0.544	0.768	0.093	0.329
1474		0.060	0.940	0.109	0.441
1475		0.181	0.716	0.808	0.726
1476		0.419	0.003	0.731	0.812
1477		0.058	0.756	0.672	0.151
1478		0.538	0.398	0.095	0.751
1479		0.891	0.811	0.133	1.000
1480		0.098	0.408	0.910	0.829
1481		0.318	0.424	0.858	0.562
1482		0.762	0.621	0.392	0.434
1483		0.363	0.463	0.534	0.497
1484		0.785	0.677	0.644	0.753
1485		0.551	0.851	0.073	0.461
1486		0.739	0.913	0.962	0.131
1487		0.734	0.608	0.318	0.904
1488		0.041	0.267	0.642	0.574
1489		0.107	0.299	0.964	0.180
1490		0.644	0.472	0.539	0.748
1491		0.881	0.487	0.536	0.843
1492		0.405	0.241	0.749	0.047
1493		0.512	0.152	0.175	0.954
1494		0.287	0.060	0.200	0.251
1495		0.336	0.381	0.129	0.872
1496		0.747	0.754	0.802	0.972
1497		0.284	0.377	0.195	0.032
1498		0.478	0.472	0.559	0.678
1499		0.799	0.639	0.617	0.512
1500		0.260	0.847	0.520	0.389
;

param y :=
1		1.0
2		-1.0
3		1.0
4		1.0
5		-1.0
6		1.0
7		-1.0
8		-1.0
9		-1.0
10		1.0
11		-1.0
12		1.0
13		1.0
14		-1.0
15		1.0
16		1.0
17		1.0
18		1.0
19		1.0
20		1.0
21		-1.0
22		-1.0
23		-1.0
24		1.0
25		1.0
26		1.0
27		1.0
28		-1.0
29		-1.0
30		-1.0
31		-1.0
32		1.0
33		-1.0
34		-1.0
35		1.0
36		-1.0
37		1.0
38		1.0
39		1.0
40		-1.0
41		-1.0
42		1.0
43		-1.0
44		1.0
45		1.0
46		1.0
47		1.0
48		1.0
49		1.0
50		1.0
51		-1.0
52		-1.0
53		1.0
54		1.0
55		1.0
56		-1.0
57		1.0
58		1.0
59		-1.0
60		1.0
61		1.0
62		-1.0
63		1.0
64		1.0
65		1.0
66		1.0
67		-1.0
68		1.0
69		1.0
70		-1.0
71		-1.0
72		1.0
73		1.0
74		-1.0
75		1.0
76		1.0
77		-1.0
78		1.0
79		-1.0
80		-1.0
81		-1.0
82		1.0
83		-1.0
84		-1.0
85		-1.0
86		1.0
87		1.0
88		-1.0
89		1.0
90		-1.0
91		1.0
92		-1.0
93		1.0
94		-1.0
95		-1.0
96		-1.0
97		-1.0
98		1.0
99		1.0
100		-1.0
101		1.0
102		-1.0
103		1.0
104		1.0
105		-1.0
106		-1.0
107		-1.0
108		-1.0
109		-1.0
110		1.0
111		-1.0
112		1.0
113		-1.0
114		1.0
115		1.0
116		-1.0
117		-1.0
118		1.0
119		1.0
120		-1.0
121		-1.0
122		-1.0
123		1.0
124		1.0
125		1.0
126		1.0
127		-1.0
128		-1.0
129		1.0
130		1.0
131		1.0
132		1.0
133		-1.0
134		-1.0
135		1.0
136		1.0
137		1.0
138		1.0
139		1.0
140		-1.0
141		1.0
142		-1.0
143		1.0
144		-1.0
145		1.0
146		1.0
147		1.0
148		-1.0
149		-1.0
150		-1.0
151		-1.0
152		1.0
153		1.0
154		-1.0
155		1.0
156		-1.0
157		1.0
158		-1.0
159		1.0
160		-1.0
161		-1.0
162		-1.0
163		1.0
164		1.0
165		-1.0
166		1.0
167		-1.0
168		-1.0
169		1.0
170		1.0
171		1.0
172		-1.0
173		-1.0
174		1.0
175		-1.0
176		1.0
177		1.0
178		-1.0
179		-1.0
180		1.0
181		1.0
182		1.0
183		1.0
184		1.0
185		-1.0
186		1.0
187		1.0
188		-1.0
189		-1.0
190		-1.0
191		-1.0
192		1.0
193		1.0
194		1.0
195		1.0
196		1.0
197		1.0
198		1.0
199		-1.0
200		-1.0
201		1.0
202		-1.0
203		-1.0
204		1.0
205		-1.0
206		-1.0
207		-1.0
208		1.0
209		-1.0
210		1.0
211		-1.0
212		1.0
213		1.0
214		1.0
215		1.0
216		-1.0
217		-1.0
218		1.0
219		1.0
220		-1.0
221		-1.0
222		-1.0
223		-1.0
224		1.0
225		1.0
226		1.0
227		1.0
228		-1.0
229		1.0
230		-1.0
231		-1.0
232		-1.0
233		1.0
234		-1.0
235		-1.0
236		-1.0
237		1.0
238		-1.0
239		1.0
240		-1.0
241		-1.0
242		1.0
243		-1.0
244		1.0
245		1.0
246		1.0
247		-1.0
248		1.0
249		-1.0
250		1.0
251		-1.0
252		-1.0
253		1.0
254		-1.0
255		1.0
256		-1.0
257		1.0
258		1.0
259		1.0
260		1.0
261		-1.0
262		1.0
263		1.0
264		-1.0
265		1.0
266		1.0
267		1.0
268		-1.0
269		-1.0
270		-1.0
271		-1.0
272		-1.0
273		-1.0
274		-1.0
275		-1.0
276		1.0
277		1.0
278		-1.0
279		-1.0
280		-1.0
281		1.0
282		-1.0
283		1.0
284		-1.0
285		-1.0
286		-1.0
287		-1.0
288		1.0
289		-1.0
290		-1.0
291		-1.0
292		1.0
293		-1.0
294		1.0
295		-1.0
296		-1.0
297		1.0
298		1.0
299		-1.0
300		-1.0
301		-1.0
302		1.0
303		-1.0
304		1.0
305		-1.0
306		1.0
307		-1.0
308		1.0
309		1.0
310		-1.0
311		-1.0
312		-1.0
313		-1.0
314		-1.0
315		-1.0
316		-1.0
317		-1.0
318		1.0
319		1.0
320		1.0
321		1.0
322		1.0
323		1.0
324		-1.0
325		1.0
326		-1.0
327		-1.0
328		1.0
329		-1.0
330		1.0
331		-1.0
332		1.0
333		1.0
334		1.0
335		1.0
336		1.0
337		-1.0
338		1.0
339		1.0
340		1.0
341		1.0
342		1.0
343		1.0
344		-1.0
345		-1.0
346		1.0
347		1.0
348		-1.0
349		-1.0
350		1.0
351		-1.0
352		-1.0
353		1.0
354		-1.0
355		1.0
356		-1.0
357		-1.0
358		1.0
359		1.0
360		-1.0
361		-1.0
362		-1.0
363		1.0
364		-1.0
365		1.0
366		1.0
367		1.0
368		-1.0
369		-1.0
370		-1.0
371		-1.0
372		-1.0
373		1.0
374		1.0
375		1.0
376		-1.0
377		1.0
378		1.0
379		-1.0
380		-1.0
381		-1.0
382		1.0
383		-1.0
384		-1.0
385		1.0
386		-1.0
387		-1.0
388		-1.0
389		-1.0
390		-1.0
391		-1.0
392		1.0
393		1.0
394		-1.0
395		1.0
396		-1.0
397		-1.0
398		-1.0
399		-1.0
400		1.0
401		-1.0
402		-1.0
403		-1.0
404		-1.0
405		-1.0
406		1.0
407		-1.0
408		-1.0
409		-1.0
410		-1.0
411		-1.0
412		-1.0
413		-1.0
414		1.0
415		1.0
416		1.0
417		1.0
418		1.0
419		-1.0
420		1.0
421		-1.0
422		-1.0
423		1.0
424		-1.0
425		1.0
426		-1.0
427		1.0
428		1.0
429		1.0
430		-1.0
431		1.0
432		-1.0
433		-1.0
434		1.0
435		-1.0
436		-1.0
437		-1.0
438		1.0
439		-1.0
440		-1.0
441		1.0
442		-1.0
443		1.0
444		1.0
445		1.0
446		-1.0
447		-1.0
448		-1.0
449		-1.0
450		1.0
451		-1.0
452		1.0
453		-1.0
454		-1.0
455		-1.0
456		1.0
457		-1.0
458		-1.0
459		1.0
460		1.0
461		-1.0
462		1.0
463		-1.0
464		1.0
465		-1.0
466		-1.0
467		-1.0
468		-1.0
469		1.0
470		-1.0
471		-1.0
472		-1.0
473		-1.0
474		-1.0
475		1.0
476		-1.0
477		-1.0
478		-1.0
479		1.0
480		-1.0
481		-1.0
482		1.0
483		1.0
484		-1.0
485		-1.0
486		1.0
487		-1.0
488		-1.0
489		1.0
490		1.0
491		-1.0
492		-1.0
493		1.0
494		-1.0
495		1.0
496		-1.0
497		-1.0
498		1.0
499		-1.0
500		1.0
501		-1.0
502		-1.0
503		1.0
504		-1.0
505		-1.0
506		1.0
507		-1.0
508		-1.0
509		1.0
510		-1.0
511		-1.0
512		1.0
513		-1.0
514		-1.0
515		1.0
516		1.0
517		-1.0
518		1.0
519		1.0
520		-1.0
521		-1.0
522		1.0
523		-1.0
524		-1.0
525		1.0
526		1.0
527		-1.0
528		-1.0
529		-1.0
530		-1.0
531		-1.0
532		-1.0
533		1.0
534		-1.0
535		-1.0
536		-1.0
537		-1.0
538		-1.0
539		1.0
540		-1.0
541		-1.0
542		-1.0
543		-1.0
544		-1.0
545		-1.0
546		1.0
547		-1.0
548		1.0
549		-1.0
550		1.0
551		-1.0
552		1.0
553		-1.0
554		1.0
555		1.0
556		1.0
557		1.0
558		1.0
559		-1.0
560		-1.0
561		1.0
562		1.0
563		-1.0
564		1.0
565		1.0
566		1.0
567		-1.0
568		1.0
569		-1.0
570		-1.0
571		1.0
572		-1.0
573		1.0
574		1.0
575		-1.0
576		1.0
577		1.0
578		-1.0
579		-1.0
580		-1.0
581		-1.0
582		-1.0
583		-1.0
584		1.0
585		1.0
586		-1.0
587		1.0
588		1.0
589		1.0
590		1.0
591		-1.0
592		1.0
593		-1.0
594		1.0
595		-1.0
596		-1.0
597		-1.0
598		-1.0
599		1.0
600		1.0
601		-1.0
602		-1.0
603		1.0
604		-1.0
605		1.0
606		1.0
607		-1.0
608		1.0
609		-1.0
610		-1.0
611		-1.0
612		-1.0
613		1.0
614		1.0
615		-1.0
616		-1.0
617		1.0
618		1.0
619		-1.0
620		-1.0
621		1.0
622		1.0
623		-1.0
624		-1.0
625		-1.0
626		-1.0
627		-1.0
628		-1.0
629		-1.0
630		1.0
631		-1.0
632		1.0
633		1.0
634		-1.0
635		-1.0
636		1.0
637		-1.0
638		1.0
639		-1.0
640		-1.0
641		-1.0
642		1.0
643		-1.0
644		1.0
645		1.0
646		1.0
647		1.0
648		-1.0
649		-1.0
650		-1.0
651		-1.0
652		-1.0
653		-1.0
654		-1.0
655		1.0
656		1.0
657		-1.0
658		1.0
659		1.0
660		1.0
661		1.0
662		-1.0
663		-1.0
664		1.0
665		1.0
666		1.0
667		-1.0
668		-1.0
669		1.0
670		1.0
671		1.0
672		-1.0
673		1.0
674		-1.0
675		1.0
676		-1.0
677		-1.0
678		1.0
679		-1.0
680		-1.0
681		-1.0
682		1.0
683		1.0
684		1.0
685		-1.0
686		-1.0
687		1.0
688		1.0
689		-1.0
690		1.0
691		1.0
692		1.0
693		-1.0
694		1.0
695		-1.0
696		-1.0
697		1.0
698		-1.0
699		1.0
700		1.0
701		-1.0
702		-1.0
703		-1.0
704		1.0
705		-1.0
706		1.0
707		-1.0
708		-1.0
709		-1.0
710		1.0
711		1.0
712		1.0
713		1.0
714		-1.0
715		-1.0
716		-1.0
717		1.0
718		-1.0
719		1.0
720		-1.0
721		1.0
722		-1.0
723		1.0
724		-1.0
725		1.0
726		-1.0
727		-1.0
728		1.0
729		1.0
730		1.0
731		1.0
732		-1.0
733		1.0
734		-1.0
735		-1.0
736		-1.0
737		1.0
738		-1.0
739		-1.0
740		-1.0
741		-1.0
742		-1.0
743		-1.0
744		-1.0
745		-1.0
746		1.0
747		1.0
748		-1.0
749		-1.0
750		-1.0
751		1.0
752		-1.0
753		1.0
754		-1.0
755		-1.0
756		1.0
757		-1.0
758		-1.0
759		-1.0
760		1.0
761		1.0
762		-1.0
763		1.0
764		1.0
765		-1.0
766		1.0
767		1.0
768		-1.0
769		1.0
770		-1.0
771		-1.0
772		-1.0
773		-1.0
774		1.0
775		1.0
776		-1.0
777		1.0
778		-1.0
779		-1.0
780		-1.0
781		-1.0
782		-1.0
783		-1.0
784		1.0
785		-1.0
786		1.0
787		1.0
788		1.0
789		1.0
790		1.0
791		1.0
792		1.0
793		1.0
794		-1.0
795		-1.0
796		1.0
797		1.0
798		1.0
799		-1.0
800		1.0
801		-1.0
802		-1.0
803		-1.0
804		-1.0
805		1.0
806		1.0
807		1.0
808		1.0
809		-1.0
810		1.0
811		1.0
812		-1.0
813		-1.0
814		1.0
815		-1.0
816		-1.0
817		1.0
818		-1.0
819		-1.0
820		-1.0
821		-1.0
822		1.0
823		-1.0
824		1.0
825		-1.0
826		-1.0
827		1.0
828		1.0
829		1.0
830		1.0
831		-1.0
832		-1.0
833		1.0
834		-1.0
835		-1.0
836		1.0
837		-1.0
838		1.0
839		-1.0
840		1.0
841		-1.0
842		-1.0
843		-1.0
844		1.0
845		-1.0
846		1.0
847		1.0
848		-1.0
849		1.0
850		1.0
851		1.0
852		1.0
853		1.0
854		-1.0
855		1.0
856		1.0
857		1.0
858		1.0
859		1.0
860		-1.0
861		-1.0
862		-1.0
863		1.0
864		1.0
865		-1.0
866		1.0
867		-1.0
868		1.0
869		1.0
870		-1.0
871		1.0
872		1.0
873		-1.0
874		1.0
875		-1.0
876		-1.0
877		1.0
878		-1.0
879		-1.0
880		-1.0
881		1.0
882		-1.0
883		1.0
884		1.0
885		1.0
886		-1.0
887		-1.0
888		-1.0
889		1.0
890		-1.0
891		-1.0
892		-1.0
893		-1.0
894		1.0
895		-1.0
896		1.0
897		-1.0
898		1.0
899		1.0
900		1.0
901		1.0
902		1.0
903		1.0
904		1.0
905		1.0
906		-1.0
907		-1.0
908		1.0
909		-1.0
910		-1.0
911		1.0
912		-1.0
913		-1.0
914		1.0
915		1.0
916		-1.0
917		-1.0
918		1.0
919		1.0
920		1.0
921		-1.0
922		-1.0
923		-1.0
924		-1.0
925		1.0
926		-1.0
927		-1.0
928		1.0
929		1.0
930		-1.0
931		1.0
932		1.0
933		-1.0
934		1.0
935		-1.0
936		1.0
937		-1.0
938		-1.0
939		1.0
940		-1.0
941		1.0
942		-1.0
943		1.0
944		-1.0
945		-1.0
946		1.0
947		1.0
948		1.0
949		1.0
950		1.0
951		1.0
952		-1.0
953		1.0
954		-1.0
955		-1.0
956		1.0
957		-1.0
958		-1.0
959		1.0
960		-1.0
961		-1.0
962		-1.0
963		-1.0
964		-1.0
965		-1.0
966		1.0
967		-1.0
968		-1.0
969		1.0
970		-1.0
971		1.0
972		1.0
973		-1.0
974		1.0
975		1.0
976		1.0
977		1.0
978		1.0
979		-1.0
980		-1.0
981		1.0
982		1.0
983		1.0
984		-1.0
985		-1.0
986		-1.0
987		-1.0
988		1.0
989		-1.0
990		-1.0
991		-1.0
992		-1.0
993		1.0
994		1.0
995		1.0
996		1.0
997		-1.0
998		1.0
999		1.0
1000		-1.0
1001		1.0
1002		-1.0
1003		1.0
1004		-1.0
1005		1.0
1006		1.0
1007		1.0
1008		1.0
1009		1.0
1010		1.0
1011		-1.0
1012		1.0
1013		-1.0
1014		1.0
1015		-1.0
1016		-1.0
1017		1.0
1018		1.0
1019		1.0
1020		1.0
1021		-1.0
1022		-1.0
1023		-1.0
1024		1.0
1025		1.0
1026		-1.0
1027		1.0
1028		1.0
1029		-1.0
1030		1.0
1031		1.0
1032		1.0
1033		1.0
1034		1.0
1035		1.0
1036		1.0
1037		1.0
1038		1.0
1039		-1.0
1040		-1.0
1041		-1.0
1042		1.0
1043		1.0
1044		-1.0
1045		-1.0
1046		1.0
1047		1.0
1048		-1.0
1049		1.0
1050		-1.0
1051		-1.0
1052		1.0
1053		1.0
1054		1.0
1055		1.0
1056		-1.0
1057		-1.0
1058		1.0
1059		-1.0
1060		-1.0
1061		1.0
1062		-1.0
1063		-1.0
1064		-1.0
1065		-1.0
1066		1.0
1067		1.0
1068		-1.0
1069		-1.0
1070		-1.0
1071		-1.0
1072		1.0
1073		-1.0
1074		-1.0
1075		-1.0
1076		-1.0
1077		-1.0
1078		1.0
1079		1.0
1080		1.0
1081		1.0
1082		-1.0
1083		-1.0
1084		-1.0
1085		-1.0
1086		1.0
1087		1.0
1088		-1.0
1089		-1.0
1090		-1.0
1091		-1.0
1092		1.0
1093		1.0
1094		-1.0
1095		1.0
1096		1.0
1097		-1.0
1098		-1.0
1099		1.0
1100		-1.0
1101		-1.0
1102		-1.0
1103		1.0
1104		-1.0
1105		-1.0
1106		-1.0
1107		1.0
1108		1.0
1109		-1.0
1110		-1.0
1111		-1.0
1112		-1.0
1113		1.0
1114		-1.0
1115		-1.0
1116		-1.0
1117		-1.0
1118		-1.0
1119		1.0
1120		1.0
1121		1.0
1122		-1.0
1123		-1.0
1124		1.0
1125		1.0
1126		1.0
1127		1.0
1128		-1.0
1129		-1.0
1130		1.0
1131		1.0
1132		1.0
1133		1.0
1134		-1.0
1135		-1.0
1136		-1.0
1137		-1.0
1138		-1.0
1139		-1.0
1140		-1.0
1141		1.0
1142		-1.0
1143		-1.0
1144		1.0
1145		1.0
1146		1.0
1147		1.0
1148		1.0
1149		1.0
1150		1.0
1151		-1.0
1152		-1.0
1153		1.0
1154		-1.0
1155		-1.0
1156		1.0
1157		1.0
1158		1.0
1159		-1.0
1160		1.0
1161		-1.0
1162		1.0
1163		-1.0
1164		-1.0
1165		-1.0
1166		-1.0
1167		1.0
1168		-1.0
1169		1.0
1170		1.0
1171		-1.0
1172		-1.0
1173		1.0
1174		-1.0
1175		1.0
1176		-1.0
1177		-1.0
1178		-1.0
1179		-1.0
1180		-1.0
1181		1.0
1182		-1.0
1183		1.0
1184		-1.0
1185		1.0
1186		1.0
1187		1.0
1188		-1.0
1189		-1.0
1190		1.0
1191		1.0
1192		-1.0
1193		-1.0
1194		-1.0
1195		-1.0
1196		-1.0
1197		1.0
1198		-1.0
1199		-1.0
1200		-1.0
1201		-1.0
1202		1.0
1203		1.0
1204		-1.0
1205		1.0
1206		1.0
1207		-1.0
1208		-1.0
1209		-1.0
1210		1.0
1211		1.0
1212		-1.0
1213		1.0
1214		-1.0
1215		1.0
1216		-1.0
1217		1.0
1218		1.0
1219		-1.0
1220		-1.0
1221		-1.0
1222		1.0
1223		1.0
1224		-1.0
1225		1.0
1226		1.0
1227		1.0
1228		-1.0
1229		1.0
1230		1.0
1231		1.0
1232		-1.0
1233		-1.0
1234		1.0
1235		1.0
1236		1.0
1237		-1.0
1238		-1.0
1239		1.0
1240		1.0
1241		1.0
1242		1.0
1243		-1.0
1244		-1.0
1245		1.0
1246		-1.0
1247		1.0
1248		-1.0
1249		-1.0
1250		-1.0
1251		-1.0
1252		1.0
1253		1.0
1254		1.0
1255		-1.0
1256		-1.0
1257		1.0
1258		-1.0
1259		1.0
1260		-1.0
1261		1.0
1262		1.0
1263		-1.0
1264		1.0
1265		-1.0
1266		-1.0
1267		-1.0
1268		1.0
1269		1.0
1270		1.0
1271		1.0
1272		-1.0
1273		1.0
1274		1.0
1275		1.0
1276		-1.0
1277		-1.0
1278		-1.0
1279		-1.0
1280		1.0
1281		-1.0
1282		1.0
1283		-1.0
1284		-1.0
1285		1.0
1286		-1.0
1287		1.0
1288		1.0
1289		-1.0
1290		-1.0
1291		-1.0
1292		-1.0
1293		1.0
1294		1.0
1295		1.0
1296		-1.0
1297		1.0
1298		-1.0
1299		1.0
1300		-1.0
1301		1.0
1302		1.0
1303		-1.0
1304		-1.0
1305		1.0
1306		1.0
1307		-1.0
1308		-1.0
1309		-1.0
1310		-1.0
1311		-1.0
1312		-1.0
1313		1.0
1314		-1.0
1315		-1.0
1316		-1.0
1317		-1.0
1318		-1.0
1319		-1.0
1320		1.0
1321		-1.0
1322		-1.0
1323		1.0
1324		1.0
1325		-1.0
1326		1.0
1327		1.0
1328		1.0
1329		1.0
1330		-1.0
1331		-1.0
1332		-1.0
1333		-1.0
1334		-1.0
1335		1.0
1336		1.0
1337		1.0
1338		1.0
1339		1.0
1340		1.0
1341		-1.0
1342		1.0
1343		1.0
1344		1.0
1345		1.0
1346		1.0
1347		-1.0
1348		-1.0
1349		-1.0
1350		1.0
1351		1.0
1352		1.0
1353		-1.0
1354		-1.0
1355		-1.0
1356		-1.0
1357		1.0
1358		-1.0
1359		-1.0
1360		-1.0
1361		-1.0
1362		1.0
1363		1.0
1364		1.0
1365		-1.0
1366		1.0
1367		1.0
1368		1.0
1369		1.0
1370		-1.0
1371		-1.0
1372		1.0
1373		-1.0
1374		1.0
1375		-1.0
1376		-1.0
1377		1.0
1378		1.0
1379		1.0
1380		-1.0
1381		-1.0
1382		1.0
1383		1.0
1384		-1.0
1385		-1.0
1386		-1.0
1387		-1.0
1388		1.0
1389		-1.0
1390		-1.0
1391		1.0
1392		1.0
1393		1.0
1394		1.0
1395		1.0
1396		1.0
1397		-1.0
1398		1.0
1399		-1.0
1400		-1.0
1401		-1.0
1402		-1.0
1403		-1.0
1404		-1.0
1405		-1.0
1406		1.0
1407		1.0
1408		-1.0
1409		-1.0
1410		1.0
1411		1.0
1412		1.0
1413		1.0
1414		1.0
1415		1.0
1416		1.0
1417		1.0
1418		1.0
1419		1.0
1420		-1.0
1421		-1.0
1422		-1.0
1423		1.0
1424		1.0
1425		1.0
1426		1.0
1427		-1.0
1428		1.0
1429		-1.0
1430		-1.0
1431		-1.0
1432		1.0
1433		1.0
1434		1.0
1435		-1.0
1436		-1.0
1437		-1.0
1438		-1.0
1439		1.0
1440		1.0
1441		1.0
1442		1.0
1443		1.0
1444		1.0
1445		1.0
1446		1.0
1447		-1.0
1448		-1.0
1449		-1.0
1450		-1.0
1451		-1.0
1452		-1.0
1453		1.0
1454		-1.0
1455		-1.0
1456		-1.0
1457		1.0
1458		-1.0
1459		-1.0
1460		-1.0
1461		-1.0
1462		1.0
1463		-1.0
1464		1.0
1465		1.0
1466		1.0
1467		-1.0
1468		-1.0
1469		1.0
1470		-1.0
1471		-1.0
1472		1.0
1473		-1.0
1474		-1.0
1475		1.0
1476		-1.0
1477		-1.0
1478		-1.0
1479		1.0
1480		1.0
1481		1.0
1482		1.0
1483		-1.0
1484		1.0
1485		-1.0
1486		1.0
1487		1.0
1488		-1.0
1489		-1.0
1490		1.0
1491		1.0
1492		-1.0
1493		-1.0
1494		-1.0
1495		-1.0
1496		-1.0
1497		-1.0
1498		1.0
1499		1.0
1500		1.0
;
param a_test : 1 2 3 4 :=
1		0.602	0.158	0.676	0.737
2		0.131	0.449	0.460	0.616
3		0.983	0.140	0.843	0.702
4		0.322	0.723	0.179	0.504
5		0.801	0.279	0.581	0.889
6		0.464	0.522	0.392	0.483
7		0.821	0.299	0.365	0.766
8		0.269	0.577	0.572	0.049
9		0.271	0.347	0.774	0.093
10		0.203	0.898	0.833	0.731
11		0.159	0.211	0.026	0.257
12		0.157	0.230	0.195	0.946
13		0.429	0.681	0.879	0.296
14		0.572	0.868	0.598	0.559
15		0.504	0.055	0.220	0.638
16		0.868	0.918	0.274	0.712
17		0.440	0.608	0.032	0.034
18		0.508	0.287	0.425	0.459
19		0.740	0.052	0.768	0.406
20		0.643	0.358	0.465	0.118
21		0.007	0.575	0.205	0.669
22		0.164	0.740	0.587	0.320
23		0.543	0.757	0.381	0.165
24		0.886	0.893	0.775	0.613
25		0.143	0.898	0.142	0.712
26		0.707	0.884	0.393	0.294
27		0.335	0.613	0.822	0.988
28		0.267	0.440	0.047	0.826
29		0.269	0.144	0.710	0.031
30		0.258	0.205	0.289	0.006
31		0.143	0.793	0.302	0.293
32		0.498	0.908	0.856	0.708
33		0.207	0.755	0.545	0.707
34		0.168	0.581	0.687	0.983
35		0.789	0.988	0.282	0.917
36		0.329	0.492	0.820	0.275
37		0.638	0.935	0.142	0.840
38		0.437	0.627	0.211	0.014
39		0.188	0.246	0.080	0.256
40		0.822	0.718	0.375	0.516
41		0.039	0.953	0.844	0.388
42		0.977	0.716	0.380	0.884
43		0.742	0.503	0.328	0.209
44		0.506	0.985	0.674	0.701
45		0.542	0.532	0.292	0.682
46		0.870	0.994	0.489	0.447
47		0.987	0.081	0.887	0.100
48		0.840	0.180	0.648	0.088
49		0.754	0.064	0.818	0.150
50		0.177	0.183	0.550	0.374
51		0.863	0.001	0.067	0.288
52		0.420	0.028	0.350	0.875
53		0.388	0.121	0.339	0.103
54		0.284	0.927	0.389	0.326
55		0.147	0.877	0.947	0.192
56		0.503	0.701	0.485	0.104
57		0.735	0.068	0.991	0.216
58		0.137	0.573	0.151	0.486
59		0.608	0.503	0.065	0.392
60		0.033	0.363	0.156	0.649
61		0.499	0.931	0.527	0.531
62		0.881	0.509	0.295	0.844
63		0.335	0.390	0.214	0.431
64		0.557	0.526	0.630	0.424
65		0.122	0.127	0.166	0.639
66		0.814	0.907	0.590	0.258
67		0.821	0.077	0.850	0.359
68		0.592	0.848	0.539	0.283
69		0.261	0.970	0.512	0.628
70		0.313	0.863	0.891	0.303
71		0.192	0.221	0.338	0.288
72		0.587	0.416	0.563	0.222
73		0.106	0.609	0.653	0.145
74		0.590	0.482	0.050	0.378
75		0.240	0.022	0.827	0.149
76		0.709	0.503	0.692	0.600
77		0.654	0.782	0.985	0.306
78		0.642	0.461	0.883	0.842
79		0.645	0.079	0.559	0.893
80		0.011	0.192	0.170	0.357
81		0.220	0.295	0.245	0.339
82		0.706	0.456	0.151	0.236
83		0.765	0.250	0.406	0.336
84		0.706	0.423	0.970	0.683
85		0.063	0.229	0.816	0.840
86		0.762	0.712	0.114	0.069
87		0.760	0.862	0.870	0.676
88		0.960	0.379	0.834	0.046
89		0.691	0.304	0.099	0.100
90		0.713	0.975	0.060	0.090
91		0.422	0.601	0.242	0.740
92		0.925	0.319	0.351	0.070
93		0.492	0.558	0.751	0.787
94		0.923	0.994	0.573	0.436
95		0.012	0.493	0.865	0.568
96		0.876	0.207	0.043	0.990
97		0.966	0.746	0.638	0.127
98		0.270	0.396	0.429	0.164
99		0.838	0.642	0.220	0.411
100		0.882	0.390	0.687	0.124
101		0.026	0.992	0.809	0.784
102		0.136	0.257	0.330	0.395
103		0.279	0.157	0.645	0.644
104		0.392	0.191	0.336	0.201
105		0.319	0.278	0.464	0.576
106		0.970	0.265	0.615	0.285
107		0.951	0.775	0.081	0.377
108		0.486	0.463	0.010	0.844
109		0.245	0.742	0.418	0.224
110		0.835	0.580	0.409	0.881
111		0.292	0.782	0.611	0.444
112		0.255	0.976	0.107	0.256
113		0.536	0.276	0.065	0.304
114		0.156	0.137	0.227	0.428
115		0.896	0.627	0.443	0.880
116		0.901	0.651	0.344	0.932
117		0.958	0.783	0.075	0.932
118		0.733	0.740	0.158	0.725
119		0.945	0.835	0.616	0.296
120		0.190	0.041	0.480	0.641
121		0.468	0.970	0.551	0.149
122		0.924	0.067	0.331	0.039
123		0.641	0.503	0.038	0.508
124		0.965	0.423	0.271	0.726
125		0.977	0.066	0.094	0.267
126		0.227	0.853	0.702	0.031
127		0.544	0.304	0.798	0.973
128		0.264	0.507	0.431	0.667
129		0.628	0.767	0.043	0.288
130		0.300	0.556	0.532	0.879
131		0.875	0.754	0.276	0.281
132		0.284	0.272	0.127	0.768
133		0.184	0.065	0.083	0.796
134		0.573	0.838	0.782	0.858
135		0.048	0.828	0.404	0.086
136		0.779	0.345	0.821	0.153
137		0.806	0.258	0.118	0.984
138		0.912	0.106	0.194	0.781
139		0.731	0.672	0.184	0.113
140		0.844	0.049	0.114	0.936
141		0.525	0.197	0.781	0.577
142		0.441	0.723	0.950	0.482
143		0.178	0.946	0.165	0.899
144		0.176	0.584	0.934	0.999
145		0.860	0.830	0.588	0.256
146		0.385	0.314	0.375	0.066
147		0.077	0.730	0.626	0.263
148		0.911	0.213	0.678	0.254
149		0.439	0.744	0.038	0.427
150		0.691	0.446	0.438	0.421
151		0.305	0.229	0.121	0.454
152		0.778	0.576	0.683	0.139
153		0.802	0.023	0.851	0.190
154		0.965	0.316	0.413	0.323
155		0.275	0.454	0.587	0.846
156		0.060	0.292	0.371	0.910
157		0.785	0.711	0.502	0.221
158		0.557	0.005	0.249	0.213
159		0.246	0.921	0.711	0.909
160		0.036	0.186	0.347	0.338
161		0.961	0.605	0.186	0.040
162		0.079	0.763	0.001	0.745
163		0.788	0.107	0.675	0.342
164		0.363	0.009	0.409	0.288
165		0.342	0.940	0.423	0.668
166		0.069	0.207	0.266	0.729
167		0.556	0.169	0.535	0.619
168		0.621	0.630	0.716	0.422
169		0.849	0.054	0.858	0.177
170		0.330	0.327	0.223	0.167
171		0.277	0.696	0.543	0.009
172		0.208	0.556	0.047	0.025
173		0.260	0.216	0.158	0.838
174		0.711	0.967	0.192	0.382
175		0.692	0.253	0.714	0.275
176		0.267	0.120	0.095	0.287
177		0.052	0.164	0.900	0.876
178		0.943	0.679	0.924	0.598
179		0.342	0.166	0.087	0.247
180		0.683	0.286	0.540	0.419
181		0.752	0.046	0.906	0.171
182		0.431	0.018	0.833	0.697
183		0.168	0.978	0.720	0.919
184		0.369	0.423	0.531	0.983
185		0.085	0.749	0.367	0.488
186		0.239	0.275	0.907	0.090
187		0.779	0.032	0.233	0.468
188		0.922	0.266	0.199	0.735
189		0.021	0.414	0.725	0.204
190		0.594	0.943	0.563	0.308
191		0.548	0.859	0.547	0.599
192		0.295	0.744	0.893	0.794
193		0.087	0.158	0.580	0.785
194		0.169	0.742	0.376	0.167
195		0.753	0.454	0.527	0.493
196		0.692	0.636	0.907	0.676
197		0.315	0.344	0.242	0.258
198		0.263	0.385	0.598	0.923
199		0.121	0.161	0.200	0.448
200		0.436	0.760	0.469	0.540
201		0.429	0.809	0.258	0.409
202		0.747	0.393	0.435	0.118
203		0.867	0.980	0.775	0.465
204		0.481	0.456	0.956	0.552
205		0.944	0.526	0.589	0.949
206		0.456	0.775	0.748	0.256
207		0.096	0.544	0.434	0.013
208		0.980	0.598	0.897	0.401
209		0.348	0.686	0.954	0.558
210		0.686	0.712	0.343	0.995
211		0.687	0.186	0.346	0.240
212		0.601	0.170	0.001	0.438
213		0.903	0.500	0.552	0.502
214		0.457	0.021	0.721	0.361
215		0.107	0.914	0.502	0.153
216		0.319	0.339	0.905	0.521
217		0.585	0.521	0.706	0.947
218		0.996	0.192	0.522	0.763
219		0.606	0.900	0.819	0.654
220		0.795	0.854	0.258	0.740
221		0.476	0.531	0.932	0.611
222		0.243	0.510	0.690	0.152
223		0.327	0.106	0.479	0.976
224		0.914	0.553	0.149	0.263
225		0.013	0.913	0.493	0.776
226		0.744	0.514	0.076	0.353
227		0.253	0.214	0.305	0.550
228		0.709	0.846	0.798	0.515
229		0.464	0.051	0.694	0.684
230		0.323	0.834	0.637	0.362
231		0.711	0.428	0.756	0.259
232		0.481	0.985	0.384	0.427
233		0.921	0.136	0.550	0.018
234		0.876	0.898	0.126	0.892
235		0.987	0.484	0.151	0.753
236		0.386	0.946	0.526	0.439
237		0.808	0.482	0.024	0.434
238		0.642	0.220	0.159	0.500
239		0.831	0.519	0.336	0.162
240		0.217	0.718	0.935	0.567
241		0.042	0.787	0.912	0.934
242		0.880	0.333	0.365	0.743
243		0.414	0.335	0.995	0.720
244		0.699	0.097	0.667	0.667
245		0.933	0.954	0.448	0.846
246		0.825	0.928	0.736	0.947
247		0.128	0.651	0.989	0.950
248		0.617	0.158	0.897	0.466
249		0.698	0.364	0.166	0.390
250		0.229	0.037	0.266	0.722
251		0.065	0.143	0.626	0.898
252		0.161	0.770	0.376	0.995
253		0.460	0.105	0.786	0.020
254		0.399	0.179	0.404	0.791
255		0.061	0.112	0.992	0.011
256		0.054	0.174	0.522	0.618
257		0.457	0.293	0.421	0.253
258		0.703	0.996	0.013	0.033
259		0.715	0.330	0.752	0.783
260		0.019	0.012	0.074	0.127
261		0.562	0.673	0.821	0.812
262		0.980	0.316	0.971	0.504
263		0.742	0.954	0.766	0.744
264		0.031	0.244	0.103	0.899
265		0.542	0.849	0.156	0.102
266		0.351	0.979	0.241	0.970
267		0.256	0.992	0.390	0.477
268		0.907	0.262	0.791	0.675
269		0.882	0.186	0.142	0.628
270		0.568	0.186	0.059	0.232
271		0.091	0.181	0.540	0.316
272		0.537	0.092	0.193	0.816
273		0.223	0.199	0.772	0.522
274		0.488	0.688	0.950	0.528
275		0.837	0.656	0.571	0.381
276		0.086	0.323	0.395	0.668
277		0.008	0.040	0.374	0.521
278		0.085	0.933	0.252	0.967
279		0.758	0.230	0.019	0.566
280		0.519	0.645	0.488	0.161
281		0.484	0.848	0.771	0.238
282		0.040	0.978	0.944	0.795
283		0.700	0.407	0.074	0.446
284		0.793	0.174	0.558	0.616
285		0.481	0.373	0.533	0.281
286		0.242	0.471	0.525	0.905
287		0.135	0.247	0.091	0.602
288		0.630	0.086	0.987	0.809
289		0.362	0.048	0.614	0.890
290		0.690	0.605	0.617	0.057
291		0.809	0.261	0.441	0.847
292		0.181	0.769	0.751	0.726
293		0.637	0.905	0.740	0.122
294		0.596	0.580	0.241	0.044
295		0.611	0.797	0.510	0.451
296		0.659	0.585	0.038	0.443
297		0.991	0.031	0.376	0.012
298		0.480	0.842	0.148	0.939
299		0.503	0.223	0.706	0.146
300		0.401	0.163	0.273	0.993
301		0.475	0.859	0.410	0.342
302		0.776	0.323	0.507	0.964
303		0.944	0.219	0.113	0.450
304		0.047	0.380	0.618	0.808
305		0.634	0.147	0.583	0.063
306		0.726	0.698	0.878	0.411
307		0.180	0.414	0.057	0.365
308		0.694	0.822	0.876	0.479
309		0.711	0.136	0.879	0.037
310		0.199	0.699	0.180	0.222
311		0.664	0.667	0.472	0.816
312		0.993	0.467	0.695	0.971
313		0.514	0.646	0.743	0.021
314		0.134	0.228	0.040	0.669
315		0.534	0.858	0.381	0.370
316		0.686	0.607	0.525	0.756
317		0.178	0.236	0.467	0.178
318		0.018	0.001	0.542	0.586
319		0.334	0.759	0.383	0.233
320		0.421	0.647	0.146	0.617
321		0.486	0.666	0.535	0.381
322		0.411	0.696	0.817	0.721
323		0.261	0.658	0.490	0.531
324		0.217	0.510	0.941	0.232
325		0.010	0.875	0.217	0.770
326		0.365	0.423	0.949	0.215
327		0.230	0.173	0.581	0.109
328		0.666	0.320	0.828	0.366
329		0.503	0.951	0.676	0.367
330		0.311	0.082	0.774	0.598
331		0.169	0.621	0.385	0.764
332		0.323	0.314	0.266	0.852
333		0.623	0.811	0.773	0.403
334		0.636	0.118	0.684	0.803
335		0.255	0.779	0.610	0.034
336		0.003	0.171	0.030	0.091
337		0.926	0.506	0.559	0.418
338		0.942	0.510	0.861	0.261
339		0.344	0.975	0.747	0.396
340		0.871	0.957	0.557	0.630
341		0.293	0.914	0.129	0.187
342		0.073	0.882	0.425	0.423
343		0.874	0.756	0.548	0.656
344		0.660	0.673	0.925	0.415
345		0.275	0.732	0.101	0.792
346		0.962	0.615	0.868	0.848
347		0.541	0.999	0.961	0.356
348		0.976	0.947	0.496	0.575
349		0.516	0.122	0.488	0.950
350		0.140	0.528	0.696	0.829
351		0.800	0.353	0.030	0.648
352		0.443	0.488	0.467	0.362
353		0.602	0.340	0.876	0.428
354		0.013	0.524	0.745	0.809
355		0.527	0.216	0.539	0.186
356		0.639	0.137	0.977	0.752
357		0.497	0.053	0.536	0.977
358		0.314	0.420	0.720	0.719
359		0.763	0.843	0.533	0.810
360		0.443	0.518	0.289	0.289
361		0.011	0.423	0.259	0.778
362		0.709	0.566	0.376	0.778
363		0.093	0.008	0.580	0.633
364		0.289	0.756	0.411	0.682
365		0.626	0.142	0.361	0.818
366		0.147	0.128	0.565	0.660
367		0.755	0.691	0.361	0.211
368		0.360	0.529	0.738	0.438
369		0.721	0.905	0.308	0.020
370		0.285	0.233	0.018	0.070
371		0.428	0.554	0.753	0.542
372		0.356	0.628	0.114	0.575
373		0.548	0.097	0.233	0.065
374		0.591	0.495	0.941	0.637
375		0.551	0.888	0.669	0.527
376		0.460	0.149	0.242	0.884
377		0.727	0.630	0.212	0.503
378		0.103	0.255	0.443	0.081
379		0.134	0.859	0.196	0.109
380		0.705	0.967	0.893	0.774
381		0.432	0.138	0.259	0.578
382		0.487	0.423	0.722	0.958
383		0.557	0.723	0.069	0.253
384		0.298	0.814	0.250	0.693
385		0.980	0.724	0.336	0.298
386		0.818	0.344	0.778	0.396
387		0.765	0.072	0.768	0.360
388		0.558	0.854	0.794	0.477
389		0.310	0.315	0.568	0.013
390		0.718	0.175	0.117	0.811
391		0.388	0.424	0.898	0.170
392		0.336	0.589	0.875	0.886
393		0.129	0.448	0.661	0.016
394		0.398	0.927	0.639	0.525
395		0.607	0.343	0.207	0.874
396		0.154	0.900	0.551	0.647
397		0.609	0.905	0.008	0.047
398		0.718	0.501	0.643	0.644
399		0.737	0.030	0.943	0.150
400		0.296	0.090	0.974	0.374
401		0.028	0.532	0.348	0.740
402		0.675	0.564	0.190	0.389
403		0.626	0.694	0.595	0.296
404		0.150	0.037	0.216	0.158
405		0.135	0.533	0.590	0.031
406		0.357	0.627	0.973	0.767
407		0.133	0.789	0.127	0.889
408		0.305	0.167	0.355	0.787
409		0.743	0.589	0.577	0.560
410		0.471	0.975	0.918	0.773
411		0.361	0.900	0.480	0.526
412		0.891	0.480	0.431	0.371
413		0.635	0.696	0.281	0.585
414		0.981	0.669	0.724	0.208
415		0.966	0.875	0.548	0.515
416		0.695	0.590	0.243	0.778
417		0.099	0.010	0.995	0.817
418		0.532	0.841	0.491	0.070
419		0.576	0.971	0.172	0.929
420		0.116	0.333	0.578	0.607
421		0.331	0.763	0.742	0.815
422		0.345	0.327	0.971	0.564
423		0.208	0.515	0.742	0.369
424		0.536	0.980	0.156	0.268
425		0.459	0.137	0.992	0.392
426		0.076	0.210	0.371	0.689
427		0.598	0.548	0.751	0.705
428		0.395	0.590	0.799	0.644
429		0.378	0.399	0.977	0.535
430		0.357	0.270	0.157	0.654
431		0.690	0.341	0.243	0.131
432		0.946	0.716	0.502	0.367
433		0.574	0.420	0.266	0.527
434		0.215	0.347	0.899	0.408
435		0.132	0.349	0.966	0.109
436		0.211	0.173	0.037	0.298
437		0.930	0.510	0.690	0.955
438		0.922	0.538	0.082	0.192
439		0.655	0.101	0.115	0.769
440		0.720	0.706	0.254	0.979
441		0.252	0.908	0.165	0.382
442		0.658	0.318	0.107	0.202
443		0.426	0.833	0.135	0.537
444		0.775	0.890	0.833	0.491
445		0.048	0.106	0.499	0.233
446		0.171	0.136	0.297	0.176
447		0.648	0.698	0.676	0.940
448		0.671	0.182	0.451	0.499
449		0.174	0.129	0.058	0.183
450		0.819	0.711	0.608	0.289
451		0.471	0.087	0.925	0.829
452		0.857	0.057	0.561	0.501
453		0.884	0.386	0.542	0.156
454		0.893	0.982	0.109	0.100
455		0.760	0.628	0.467	0.812
456		0.212	0.509	0.951	0.993
457		0.773	0.447	0.318	0.439
458		0.657	0.175	0.229	0.029
459		0.868	0.704	0.771	0.314
460		0.082	0.166	0.243	0.857
461		0.137	0.727	0.921	0.774
462		0.835	0.110	0.679	0.695
463		0.975	0.735	0.566	0.409
464		0.776	0.450	0.791	0.066
465		0.563	0.379	0.254	0.426
466		0.042	0.620	0.635	0.821
467		0.565	0.113	0.138	0.810
468		0.680	0.705	0.783	0.473
469		0.158	0.787	0.910	0.159
470		0.618	0.229	0.084	0.466
471		0.790	0.496	0.122	0.746
472		0.235	0.184	0.002	0.692
473		0.148	0.346	0.846	0.795
474		0.171	0.341	0.782	0.243
475		0.848	0.456	0.176	0.071
476		0.909	0.299	0.040	0.871
477		0.123	0.740	0.312	0.476
478		0.970	0.909	0.178	0.728
479		0.025	0.381	0.592	0.730
480		0.243	0.146	0.194	0.501
481		0.345	0.981	0.129	0.940
482		0.603	0.220	0.716	0.765
483		0.878	0.092	0.182	0.737
484		0.192	0.065	0.921	0.222
485		0.172	0.597	0.677	0.211
486		0.348	0.241	0.682	0.065
487		0.714	0.244	0.198	0.259
488		0.248	0.396	0.106	0.500
489		0.432	0.754	0.437	0.978
490		0.276	0.760	0.545	0.414
491		0.246	0.010	0.213	0.796
492		0.594	0.639	0.244	0.212
493		0.181	0.181	0.968	0.988
494		0.477	0.972	0.170	0.572
495		0.292	0.779	0.104	0.151
496		0.105	0.360	0.441	0.749
497		0.882	0.578	0.225	0.200
498		0.961	0.895	0.713	0.500
499		0.010	0.545	0.577	0.184
500		0.745	0.136	0.473	0.547
;

param y_test :=
1		1.0
2		-1.0
3		1.0
4		-1.0
5		1.0
6		1.0
7		1.0
8		-1.0
9		-1.0
10		1.0
11		-1.0
12		-1.0
13		1.0
14		-1.0
15		-1.0
16		1.0
17		-1.0
18		-1.0
19		-1.0
20		-1.0
21		-1.0
22		-1.0
23		-1.0
24		1.0
25		-1.0
26		1.0
27		1.0
28		-1.0
29		-1.0
30		1.0
31		-1.0
32		1.0
33		1.0
34		1.0
35		1.0
36		-1.0
37		1.0
38		-1.0
39		-1.0
40		1.0
41		1.0
42		1.0
43		-1.0
44		1.0
45		1.0
46		1.0
47		1.0
48		-1.0
49		-1.0
50		-1.0
51		-1.0
52		-1.0
53		1.0
54		-1.0
55		1.0
56		-1.0
57		1.0
58		-1.0
59		-1.0
60		-1.0
61		1.0
62		1.0
63		-1.0
64		1.0
65		-1.0
66		1.0
67		1.0
68		1.0
69		1.0
70		1.0
71		-1.0
72		-1.0
73		-1.0
74		-1.0
75		-1.0
76		1.0
77		1.0
78		1.0
79		1.0
80		-1.0
81		-1.0
82		-1.0
83		-1.0
84		1.0
85		-1.0
86		-1.0
87		1.0
88		-1.0
89		-1.0
90		-1.0
91		1.0
92		-1.0
93		1.0
94		1.0
95		-1.0
96		1.0
97		1.0
98		-1.0
99		1.0
100		1.0
101		1.0
102		-1.0
103		-1.0
104		-1.0
105		-1.0
106		1.0
107		1.0
108		-1.0
109		-1.0
110		-1.0
111		1.0
112		-1.0
113		-1.0
114		-1.0
115		1.0
116		1.0
117		-1.0
118		1.0
119		1.0
120		-1.0
121		1.0
122		-1.0
123		-1.0
124		1.0
125		-1.0
126		-1.0
127		1.0
128		-1.0
129		-1.0
130		1.0
131		1.0
132		-1.0
133		-1.0
134		1.0
135		1.0
136		1.0
137		1.0
138		-1.0
139		-1.0
140		-1.0
141		1.0
142		1.0
143		1.0
144		1.0
145		1.0
146		-1.0
147		-1.0
148		1.0
149		-1.0
150		-1.0
151		-1.0
152		1.0
153		-1.0
154		1.0
155		1.0
156		-1.0
157		1.0
158		-1.0
159		1.0
160		-1.0
161		-1.0
162		-1.0
163		-1.0
164		-1.0
165		1.0
166		-1.0
167		-1.0
168		1.0
169		-1.0
170		1.0
171		1.0
172		-1.0
173		-1.0
174		1.0
175		-1.0
176		-1.0
177		-1.0
178		1.0
179		-1.0
180		-1.0
181		-1.0
182		-1.0
183		1.0
184		1.0
185		-1.0
186		-1.0
187		-1.0
188		1.0
189		-1.0
190		1.0
191		1.0
192		1.0
193		-1.0
194		-1.0
195		1.0
196		1.0
197		-1.0
198		1.0
199		-1.0
200		-1.0
201		-1.0
202		-1.0
203		1.0
204		1.0
205		1.0
206		1.0
207		-1.0
208		1.0
209		1.0
210		1.0
211		-1.0
212		-1.0
213		1.0
214		-1.0
215		-1.0
216		1.0
217		1.0
218		1.0
219		1.0
220		1.0
221		1.0
222		-1.0
223		-1.0
224		-1.0
225		1.0
226		-1.0
227		-1.0
228		1.0
229		-1.0
230		1.0
231		1.0
232		1.0
233		-1.0
234		1.0
235		1.0
236		1.0
237		-1.0
238		-1.0
239		-1.0
240		1.0
241		1.0
242		1.0
243		1.0
244		1.0
245		1.0
246		1.0
247		1.0
248		1.0
249		-1.0
250		-1.0
251		-1.0
252		1.0
253		-1.0
254		-1.0
255		-1.0
256		-1.0
257		-1.0
258		-1.0
259		1.0
260		-1.0
261		-1.0
262		1.0
263		1.0
264		-1.0
265		-1.0
266		1.0
267		1.0
268		1.0
269		-1.0
270		-1.0
271		-1.0
272		-1.0
273		-1.0
274		1.0
275		1.0
276		-1.0
277		-1.0
278		1.0
279		-1.0
280		-1.0
281		1.0
282		1.0
283		-1.0
284		1.0
285		-1.0
286		1.0
287		1.0
288		1.0
289		-1.0
290		-1.0
291		1.0
292		1.0
293		1.0
294		-1.0
295		1.0
296		-1.0
297		-1.0
298		1.0
299		-1.0
300		-1.0
301		1.0
302		1.0
303		-1.0
304		-1.0
305		-1.0
306		1.0
307		-1.0
308		1.0
309		-1.0
310		-1.0
311		1.0
312		1.0
313		-1.0
314		-1.0
315		1.0
316		1.0
317		1.0
318		-1.0
319		-1.0
320		-1.0
321		1.0
322		1.0
323		-1.0
324		-1.0
325		-1.0
326		-1.0
327		-1.0
328		1.0
329		1.0
330		1.0
331		-1.0
332		1.0
333		1.0
334		1.0
335		1.0
336		-1.0
337		1.0
338		1.0
339		1.0
340		1.0
341		-1.0
342		-1.0
343		1.0
344		1.0
345		-1.0
346		1.0
347		1.0
348		1.0
349		1.0
350		1.0
351		-1.0
352		1.0
353		-1.0
354		1.0
355		-1.0
356		1.0
357		1.0
358		1.0
359		1.0
360		-1.0
361		-1.0
362		1.0
363		-1.0
364		1.0
365		-1.0
366		-1.0
367		1.0
368		1.0
369		-1.0
370		-1.0
371		1.0
372		-1.0
373		-1.0
374		1.0
375		1.0
376		-1.0
377		1.0
378		-1.0
379		-1.0
380		1.0
381		-1.0
382		1.0
383		-1.0
384		1.0
385		1.0
386		1.0
387		-1.0
388		1.0
389		-1.0
390		-1.0
391		-1.0
392		1.0
393		-1.0
394		1.0
395		1.0
396		-1.0
397		-1.0
398		1.0
399		-1.0
400		-1.0
401		-1.0
402		-1.0
403		1.0
404		-1.0
405		-1.0
406		1.0
407		-1.0
408		-1.0
409		1.0
410		1.0
411		1.0
412		1.0
413		1.0
414		1.0
415		1.0
416		1.0
417		-1.0
418		-1.0
419		1.0
420		-1.0
421		1.0
422		1.0
423		-1.0
424		-1.0
425		-1.0
426		-1.0
427		1.0
428		1.0
429		1.0
430		-1.0
431		-1.0
432		1.0
433		-1.0
434		-1.0
435		-1.0
436		-1.0
437		1.0
438		-1.0
439		-1.0
440		1.0
441		-1.0
442		1.0
443		-1.0
444		1.0
445		-1.0
446		-1.0
447		1.0
448		-1.0
449		-1.0
450		1.0
451		1.0
452		-1.0
453		1.0
454		-1.0
455		1.0
456		1.0
457		-1.0
458		-1.0
459		1.0
460		-1.0
461		1.0
462		1.0
463		1.0
464		1.0
465		-1.0
466		1.0
467		-1.0
468		1.0
469		1.0
470		-1.0
471		1.0
472		-1.0
473		1.0
474		-1.0
475		-1.0
476		1.0
477		-1.0
478		1.0
479		-1.0
480		-1.0
481		1.0
482		1.0
483		-1.0
484		-1.0
485		-1.0
486		-1.0
487		-1.0
488		-1.0
489		1.0
490		-1.0
491		-1.0
492		-1.0
493		1.0
494		1.0
495		-1.0
496		-1.0
497		-1.0
498		1.0
499		-1.0
500		-1.0
;
