0.688 0.413 0.151 0.968   1.0
0.405 0.337 0.485 0.360   -1.0
0.625 0.730 0.026 0.783   1.0
0.602 0.158 0.676 0.737   1.0
0.620 0.191 0.734 0.764   1.0
0.086 0.495 0.719 0.468   -1.0
0.893 0.156 0.940 0.044   1.0
0.131 0.449 0.460 0.616   -1.0
0.392 0.241 0.539 0.418   -1.0
0.288 0.021 0.183 0.964   -1.0
0.320 0.584 0.948 0.054   -1.0
0.983 0.140 0.843 0.702   1.0
0.370 0.594 0.764 0.309   1.0
0.888 0.440 0.088 0.348   -1.0
0.897 0.740 0.297 0.436   1.0
0.322 0.723 0.179 0.504   -1.0
0.936 0.825 0.271 0.884   1.0
0.619 0.867 0.019 0.462   -1.0
0.627 0.832 0.163 0.391   1.0
0.801 0.279 0.581 0.889   1.0
0.637 0.786 0.367 0.935   1.0
0.526 0.256 0.945 0.705   1.0
0.632 0.641 0.585 0.903   1.0
0.464 0.522 0.392 0.483   1.0*
0.961 0.110 0.815 0.124   1.0
0.956 0.925 0.780 0.537   1.0
0.407 0.174 0.600 0.774   -1.0
0.821 0.299 0.365 0.766   1.0
0.126 0.397 0.645 0.711   -1.0
0.170 0.175 0.822 0.562   -1.0
0.806 0.523 0.768 0.621   1.0
0.269 0.577 0.572 0.049   -1.0
0.387 0.455 0.289 0.987   1.0
0.398 0.808 0.529 0.763   1.0
0.533 0.889 0.971 0.178   1.0
0.271 0.347 0.774 0.093   -1.0
0.432 0.899 0.433 0.200   -1.0
0.080 0.469 0.097 0.652   -1.0
0.212 0.039 0.974 0.501   -1.0
0.203 0.898 0.833 0.731   1.0
0.407 0.264 0.551 0.378   -1.0
0.150 0.649 0.789 0.925   1.0
0.699 0.357 0.640 0.131   -1.0
0.159 0.211 0.026 0.257   -1.0
0.545 0.468 0.902 0.518   -1.0*
0.928 0.721 0.867 0.761   1.0
0.529 0.168 0.716 0.080   -1.0
0.157 0.230 0.195 0.946   -1.0
0.936 0.645 0.511 0.576   1.0
0.068 0.735 0.987 0.095   1.0*
0.851 0.639 0.460 0.753   1.0
0.429 0.681 0.879 0.296   1.0
0.331 0.825 0.611 0.047   -1.0
0.157 0.204 0.134 0.352   -1.0
0.288 0.288 0.795 0.800   1.0
0.572 0.868 0.598 0.559   -1.0*
0.590 0.410 0.602 0.050   -1.0
0.760 0.478 0.844 0.638   1.0
0.286 0.969 0.599 0.897   1.0
0.504 0.055 0.220 0.638   -1.0
0.370 0.926 0.694 0.165   1.0
0.557 0.737 0.594 0.156   1.0
0.556 0.746 0.706 0.158   1.0
0.868 0.918 0.274 0.712   1.0
0.048 0.999 0.525 0.647   1.0
0.540 0.151 0.950 0.760   1.0
0.357 0.130 0.715 0.051   -1.0
0.440 0.608 0.032 0.034   -1.0
0.328 0.590 0.509 0.033   -1.0
0.305 0.902 0.666 0.578   1.0
0.222 0.627 0.612 0.747   1.0
0.508 0.287 0.425 0.459   -1.0
0.213 0.816 0.177 0.928   1.0
0.472 0.368 0.475 0.504   -1.0
0.238 0.832 0.992 0.748   1.0
0.740 0.052 0.768 0.406   -1.0
0.381 0.628 0.257 0.994   1.0
0.531 0.502 0.662 0.956   -1.0*
0.709 0.169 0.777 0.886   1.0
0.643 0.358 0.465 0.118   -1.0
0.867 0.356 0.695 0.859   1.0
0.560 0.599 0.156 0.328   -1.0
0.787 0.709 0.633 0.044   1.0
0.007 0.575 0.205 0.669   -1.0
0.166 0.378 0.701 0.943   1.0
0.798 0.586 0.622 0.263   1.0
0.484 0.130 0.060 0.179   1.0*
0.164 0.740 0.587 0.320   -1.0
0.592 0.107 0.777 0.225   -1.0
0.480 0.232 0.727 0.685   1.0
0.258 0.852 0.279 0.959   1.0
0.543 0.757 0.381 0.165   -1.0
0.084 0.650 0.151 0.145   -1.0
0.139 0.308 0.568 0.727   -1.0
0.636 0.319 0.735 0.413   1.0
0.886 0.893 0.775 0.613   1.0
0.676 0.871 0.429 0.956   1.0
0.224 0.499 0.587 0.605   -1.0
0.608 0.689 0.314 0.758   1.0
0.143 0.898 0.142 0.712   -1.0
0.771 0.348 0.943 0.506   1.0
0.487 0.392 0.653 0.262   -1.0
0.231 0.938 0.877 0.660   1.0
0.707 0.884 0.393 0.294   1.0
0.058 0.902 0.178 0.372   -1.0
0.011 0.516 0.558 0.153   -1.0
0.183 0.924 0.575 0.126   -1.0
0.335 0.613 0.822 0.988   1.0
0.827 0.218 0.813 0.704   1.0
0.707 0.411 0.762 0.101   -1.0
0.251 0.159 0.607 0.428   -1.0
0.267 0.440 0.047 0.826   -1.0
0.274 0.009 0.516 0.849   -1.0
0.946 0.184 0.748 0.768   1.0
0.623 0.595 0.390 0.437   1.0
0.269 0.144 0.710 0.031   -1.0
0.415 0.282 0.404 0.021   -1.0
0.935 0.289 0.150 0.982   1.0
0.743 0.256 0.123 0.259   -1.0
0.258 0.205 0.289 0.006   1.0*
0.461 0.629 0.568 0.851   1.0
0.867 0.120 0.210 0.577   -1.0
0.455 0.992 0.433 0.859   1.0
0.143 0.793 0.302 0.293   -1.0
0.416 0.036 0.030 0.539   -1.0
0.135 0.797 0.500 0.424   -1.0
0.472 0.885 0.432 0.041   -1.0
0.498 0.908 0.856 0.708   1.0
0.007 0.162 0.477 0.440   -1.0
0.491 0.584 0.814 0.793   1.0
0.589 0.209 0.913 0.620   1.0
0.207 0.755 0.545 0.707   1.0
0.348 0.179 0.063 0.780   -1.0
0.799 0.277 0.128 0.656   1.0*
0.613 0.663 0.147 0.090   -1.0
0.168 0.581 0.687 0.983   1.0
0.564 0.572 0.584 0.477   1.0
0.332 0.684 0.946 0.877   1.0
0.125 0.225 0.570 0.188   -1.0
0.789 0.988 0.282 0.917   1.0
0.267 0.530 0.306 0.414   -1.0
0.409 0.583 0.202 0.096   -1.0
0.576 0.660 0.137 0.160   -1.0
0.329 0.492 0.820 0.275   -1.0
0.211 0.400 0.593 0.781   -1.0
0.598 0.570 0.576 0.879   1.0
0.220 0.146 0.018 0.526   -1.0
0.638 0.935 0.142 0.840   1.0
0.708 0.417 0.692 0.845   1.0
0.828 0.174 0.068 0.649   -1.0
0.436 0.860 0.849 0.029   1.0
0.437 0.627 0.211 0.014   -1.0
0.698 0.233 0.652 0.716   1.0
0.212 0.354 0.695 0.354   -1.0
0.726 0.062 0.612 0.418   -1.0
0.188 0.246 0.080 0.256   -1.0
0.529 0.692 0.755 0.378   1.0
0.396 0.815 0.349 0.606   1.0
0.855 0.305 0.062 0.507   -1.0
0.822 0.718 0.375 0.516   1.0
0.570 0.243 0.135 0.182   -1.0
0.041 0.370 0.907 0.122   -1.0
0.802 0.651 0.318 0.557   1.0
0.039 0.953 0.844 0.388   1.0
0.673 0.242 0.864 0.735   1.0
0.884 0.557 0.468 0.259   1.0
0.540 0.829 0.316 0.675   1.0
0.977 0.716 0.380 0.884   1.0
0.006 0.686 0.489 0.323   -1.0
0.518 0.362 0.196 0.362   -1.0
0.755 0.035 0.993 0.618   1.0
0.742 0.503 0.328 0.209   -1.0
0.401 0.750 0.591 0.717   1.0
0.602 0.694 0.141 0.983   1.0
0.978 0.988 0.263 0.467   1.0
0.506 0.985 0.674 0.701   1.0
0.424 0.456 0.382 0.417   -1.0
0.152 0.159 0.577 0.480   -1.0
0.339 0.881 0.117 0.930   1.0
0.542 0.532 0.292 0.682   1.0
0.870 0.661 0.503 0.133   1.0
0.815 0.638 0.113 0.489   1.0
0.460 0.913 0.796 0.842   1.0
0.870 0.994 0.489 0.447   1.0
0.857 0.786 0.356 0.974   1.0
0.954 0.516 0.248 0.246   -1.0
0.763 0.116 0.859 0.266   1.0
0.987 0.081 0.887 0.100   1.0
0.227 0.560 0.483 0.022   -1.0
0.813 0.892 0.396 0.302   1.0
0.870 0.159 0.125 0.226   -1.0
0.840 0.180 0.648 0.088   -1.0
0.847 0.851 0.542 0.706   1.0
0.790 0.693 0.197 0.677   1.0
0.767 0.904 0.352 0.250   1.0
0.754 0.064 0.818 0.150   -1.0
0.157 0.020 0.524 0.281   -1.0
0.657 0.121 0.425 0.305   -1.0
0.851 0.152 0.060 0.393   -1.0
0.177 0.183 0.550 0.374   -1.0
0.342 0.141 0.764 0.695   -1.0
0.690 0.448 0.455 0.507   1.0
0.821 0.664 0.618 0.345   1.0
0.863 0.001 0.067 0.288   -1.0
0.276 0.139 0.458 0.337   -1.0
0.315 0.513 0.715 0.865   1.0
0.575 0.207 0.028 0.339   -1.0
0.420 0.028 0.350 0.875   -1.0
0.948 0.695 0.200 0.566   1.0
0.146 0.429 0.041 0.212   -1.0
0.348 0.489 0.856 0.806   1.0
0.388 0.121 0.339 0.103   1.0*
0.226 0.678 0.194 0.254   -1.0
0.096 0.674 0.045 0.446   -1.0
0.581 0.395 0.244 0.781   -1.0*
0.284 0.927 0.389 0.326   -1.0
0.106 0.674 0.628 0.962   1.0
0.453 0.350 0.601 0.792   1.0
0.587 0.018 0.130 0.781   -1.0
0.147 0.877 0.947 0.192   1.0
0.496 0.773 0.718 0.740   1.0
0.678 0.024 0.481 0.067   -1.0
0.620 0.174 0.024 0.248   -1.0
0.503 0.701 0.485 0.104   -1.0
0.938 0.691 0.511 0.068   1.0
0.784 0.215 0.349 0.731   1.0
0.672 0.227 0.181 0.390   1.0*
0.735 0.068 0.991 0.216   1.0
0.342 0.836 0.309 0.366   -1.0
0.444 0.869 0.784 0.929   -1.0*
0.277 0.867 0.665 0.789   1.0
0.137 0.573 0.151 0.486   -1.0
0.558 0.158 0.530 0.739   -1.0
0.497 0.474 0.616 0.489   1.0
0.751 0.831 0.525 0.059   1.0
0.608 0.503 0.065 0.392   -1.0
0.039 0.670 0.300 0.703   -1.0
0.236 0.841 0.032 0.386   -1.0
0.335 0.944 0.485 0.866   1.0
0.033 0.363 0.156 0.649   -1.0
0.846 0.400 0.683 0.370   1.0
0.879 0.979 0.963 0.944   1.0
0.396 0.983 0.041 0.696   1.0
0.499 0.931 0.527 0.531   1.0
0.854 0.866 0.262 0.339   1.0
0.944 0.373 0.095 0.101   -1.0
0.947 0.947 0.422 0.630   1.0
0.881 0.509 0.295 0.844   1.0
0.666 0.239 0.435 0.707   1.0
0.121 0.206 0.867 0.648   -1.0
0.184 0.502 0.603 0.446   -1.0
0.335 0.390 0.214 0.431   -1.0
0.236 0.378 0.437 0.658   -1.0
0.754 0.539 0.516 0.050   -1.0
0.969 0.716 0.622 0.404   1.0
0.557 0.526 0.630 0.424   1.0
0.367 0.608 0.676 0.971   1.0
0.518 0.306 0.444 0.732   1.0
0.935 0.969 0.114 0.372   1.0
0.122 0.127 0.166 0.639   -1.0
0.549 0.608 0.893 0.171   1.0
0.316 0.729 0.538 0.946   1.0
0.712 0.313 0.760 0.389   1.0
0.814 0.907 0.590 0.258   1.0
0.326 0.193 0.608 0.441   -1.0
0.235 0.563 0.691 0.401   -1.0
0.868 0.950 0.809 0.761   1.0
0.821 0.077 0.850 0.359   1.0
0.002 0.071 0.336 0.763   -1.0
0.620 0.577 0.367 0.210   -1.0
0.006 0.536 0.027 0.614   1.0*
0.592 0.848 0.539 0.283   1.0
0.741 0.152 0.199 0.549   -1.0
0.320 0.370 0.990 0.170   -1.0
0.013 0.172 0.801 0.349   -1.0
0.261 0.970 0.512 0.628   1.0
0.347 0.634 0.715 0.374   1.0
0.692 0.966 0.095 0.231   -1.0
0.344 0.972 0.401 0.543   1.0
0.313 0.863 0.891 0.303   1.0
0.621 0.316 0.205 0.422   -1.0
0.140 0.683 0.635 0.652   1.0
0.815 0.998 0.945 0.530   1.0
0.192 0.221 0.338 0.288   -1.0
0.587 0.632 0.424 0.988   1.0
0.945 0.302 0.039 0.836   1.0
0.072 0.457 0.921 0.277   -1.0
0.587 0.416 0.563 0.222   -1.0
0.874 0.037 0.066 0.819   -1.0
0.438 0.011 0.788 0.776   1.0
0.240 0.363 0.931 0.664   1.0
0.106 0.609 0.653 0.145   -1.0
0.258 0.216 0.903 0.179   -1.0
0.783 0.766 0.909 0.346   -1.0*
0.977 0.220 0.024 0.044   -1.0
0.590 0.482 0.050 0.378   -1.0
0.349 0.618 0.621 0.280   -1.0
0.972 0.386 0.891 0.625   1.0
0.337 0.883 0.747 0.240   1.0
0.240 0.022 0.827 0.149   -1.0
0.815 0.126 0.588 0.839   1.0
0.627 0.430 0.651 0.677   1.0
0.909 0.026 0.426 0.530   -1.0
0.709 0.503 0.692 0.600   1.0
0.223 0.937 0.011 0.970   1.0
0.073 0.209 0.200 0.901   -1.0
0.567 0.716 0.484 0.155   -1.0
0.654 0.782 0.985 0.306   1.0
0.793 0.215 0.484 0.219   -1.0
0.790 0.928 0.248 0.482   1.0
0.376 0.705 0.465 0.388   -1.0
0.642 0.461 0.883 0.842   1.0
0.241 0.409 0.078 0.726   -1.0
0.633 0.380 0.346 0.618   -1.0
0.805 0.411 0.900 0.289   1.0
0.645 0.079 0.559 0.893   1.0
0.087 0.270 0.266 0.552   -1.0
0.940 0.195 0.119 0.823   1.0
0.481 0.064 0.446 0.559   -1.0
0.011 0.192 0.170 0.357   -1.0
0.855 0.161 0.222 0.755   -1.0
0.852 0.400 0.529 0.411   1.0
0.090 0.498 0.563 0.356   -1.0
0.220 0.295 0.245 0.339   -1.0
0.281 0.820 0.183 0.727   1.0
0.972 0.738 0.571 0.142   1.0
0.382 0.997 0.256 0.603   1.0
0.706 0.456 0.151 0.236   -1.0
0.444 0.326 0.365 0.007   -1.0
0.415 0.227 0.977 0.659   1.0
0.095 0.940 0.386 0.278   -1.0
0.765 0.250 0.406 0.336   -1.0
0.500 0.718 0.389 0.756   1.0
0.140 0.463 0.777 0.292   -1.0
0.644 0.736 0.024 0.009   -1.0
0.706 0.423 0.970 0.683   1.0
0.536 0.779 0.023 0.922   1.0
0.691 0.687 0.307 0.096   -1.0
0.699 0.596 0.742 0.088   1.0
0.063 0.229 0.816 0.840   -1.0
0.514 0.484 0.256 0.538   -1.0
0.999 0.244 0.916 0.969   1.0
0.999 0.505 0.706 0.022   1.0
0.762 0.712 0.114 0.069   -1.0
0.137 0.769 0.405 0.879   1.0
0.758 0.942 0.086 0.573   1.0
0.607 0.087 0.267 0.863   -1.0
0.760 0.862 0.870 0.676   1.0
0.797 0.675 0.335 0.503   1.0
0.761 0.265 0.409 0.875   1.0
0.217 0.013 0.103 0.622   -1.0
0.960 0.379 0.834 0.046   -1.0*
0.616 0.653 0.039 0.883   1.0
0.665 0.643 0.378 0.534   1.0
0.208 0.331 0.994 0.543   1.0
0.691 0.304 0.099 0.100   -1.0
0.434 0.317 0.192 0.537   -1.0
0.084 0.497 0.318 0.918   -1.0
0.271 0.534 0.197 0.310   -1.0
0.713 0.975 0.060 0.090   -1.0
0.380 0.298 0.840 0.374   -1.0
0.674 0.065 0.145 0.774   -1.0
0.325 0.208 0.483 0.517   -1.0
0.422 0.601 0.242 0.740   1.0
0.786 0.011 0.054 0.983   -1.0
0.471 0.695 0.296 0.532   -1.0
0.805 0.911 0.084 0.645   1.0
0.925 0.319 0.351 0.070   -1.0
0.516 0.395 0.300 0.999   1.0
0.045 0.420 0.514 0.287   -1.0
0.033 0.073 0.171 0.087   -1.0
0.492 0.558 0.751 0.787   1.0
0.537 0.592 0.001 0.621   -1.0
0.287 0.546 0.556 0.638   1.0
0.649 0.154 0.011 0.949   -1.0
0.923 0.994 0.573 0.436   1.0
0.733 0.469 0.355 0.904   1.0
0.410 0.396 0.115 0.162   -1.0
0.205 0.699 0.775 0.206   -1.0
0.012 0.493 0.865 0.568   -1.0
0.481 0.217 0.284 0.491   -1.0
0.437 0.414 0.161 0.010   -1.0
0.442 0.743 0.319 0.797   1.0
0.876 0.207 0.043 0.990   1.0
0.226 0.195 0.067 0.001   -1.0
0.387 0.014 0.894 0.252   -1.0
0.024 0.732 0.799 0.309   -1.0
0.966 0.746 0.638 0.127   1.0
0.488 0.569 0.498 0.807   1.0
0.145 0.683 0.573 0.188   -1.0
0.942 0.414 0.869 0.009   1.0
0.270 0.396 0.429 0.164   -1.0
0.011 0.188 0.380 0.811   -1.0
0.604 0.777 0.242 0.242   -1.0
0.998 0.730 0.472 0.496   1.0
0.838 0.642 0.220 0.411   1.0
0.894 0.353 0.244 0.763   1.0
0.659 0.033 0.758 0.088   -1.0
0.406 0.099 0.385 0.786   -1.0
0.882 0.390 0.687 0.124   1.0
0.590 0.122 0.362 0.063   -1.0
0.899 0.900 0.259 0.119   1.0
0.089 0.013 0.664 0.333   -1.0
0.026 0.992 0.809 0.784   1.0
0.006 0.189 0.179 0.391   1.0*
0.090 0.272 0.365 0.776   -1.0
0.997 0.367 0.518 0.359   1.0
0.136 0.257 0.330 0.395   -1.0
0.641 0.484 0.390 0.305   -1.0
0.167 0.331 0.809 0.976   1.0
0.888 0.982 0.304 0.068   1.0
0.279 0.157 0.645 0.644   -1.0
0.041 0.641 0.300 0.559   -1.0
0.730 0.695 0.258 0.059   -1.0
0.634 0.700 0.575 0.024   -1.0
0.392 0.191 0.336 0.201   -1.0
0.450 0.089 0.149 0.754   -1.0
0.522 0.033 0.314 0.168   -1.0
0.248 0.209 0.319 0.548   -1.0
0.319 0.278 0.464 0.576   -1.0
0.555 0.211 0.037 0.130   -1.0
0.042 0.523 0.426 0.378   -1.0
0.593 0.828 0.813 0.743   1.0
0.970 0.265 0.615 0.285   1.0
0.292 0.532 0.642 0.611   1.0
0.410 0.929 0.358 0.874   1.0
0.695 0.429 0.716 0.732   1.0
0.951 0.775 0.081 0.377   1.0
0.805 0.971 0.981 0.618   1.0
0.563 0.588 0.979 0.178   1.0
0.412 0.470 0.405 0.053   -1.0
0.486 0.463 0.010 0.844   -1.0
0.515 0.539 0.766 0.231   1.0
0.325 0.183 0.046 0.406   -1.0
0.198 0.211 0.531 0.179   -1.0
0.245 0.742 0.418 0.224   -1.0
0.290 0.635 0.390 0.696   1.0
0.470 0.181 0.152 0.480   -1.0
0.489 0.995 0.564 0.255   1.0
0.835 0.580 0.409 0.881   -1.0*
0.969 0.080 0.197 0.500   -1.0
0.026 0.745 0.001 0.443   1.0*
0.922 0.734 0.604 0.312   1.0
0.292 0.782 0.611 0.444   1.0
0.636 0.933 0.258 0.200   1.0
0.484 0.035 0.768 0.893   1.0
0.753 0.862 0.996 0.950   1.0
0.255 0.976 0.107 0.256   -1.0
0.075 0.178 0.153 0.679   -1.0
0.582 0.971 0.272 0.193   1.0
0.534 0.829 0.348 0.792   1.0
0.536 0.276 0.065 0.304   -1.0
0.981 0.058 0.032 0.977   1.0
0.394 0.232 0.983 0.501   1.0
0.402 0.577 0.667 0.555   1.0
0.156 0.137 0.227 0.428   -1.0
0.642 0.963 0.159 0.990   1.0
0.188 0.526 0.031 0.253   -1.0
0.201 0.234 0.888 0.233   -1.0
0.896 0.627 0.443 0.880   1.0
0.932 0.282 0.704 0.598   1.0
0.960 0.754 0.974 0.186   1.0
0.304 0.828 0.146 0.463   -1.0
0.901 0.651 0.344 0.932   1.0
0.175 0.132 0.137 0.063   -1.0
0.348 0.960 0.992 0.791   1.0
0.119 0.723 0.121 0.824   -1.0
0.958 0.783 0.075 0.932   -1.0*
0.258 0.237 0.798 0.404   -1.0
0.616 0.304 0.350 0.960   1.0
0.254 0.135 0.368 0.391   -1.0
0.733 0.740 0.158 0.725   1.0
0.997 0.844 0.254 0.119   1.0
0.575 0.077 0.451 0.650   -1.0
0.421 0.908 0.246 0.219   -1.0
0.945 0.835 0.616 0.296   1.0
0.852 0.550 0.930 0.220   1.0
0.129 0.953 0.681 0.287   1.0
0.212 0.284 0.522 0.466   -1.0
0.190 0.041 0.480 0.641   -1.0
0.490 0.062 0.599 0.736   -1.0
0.910 0.681 0.116 0.526   -1.0*
0.911 0.378 0.527 0.841   1.0
0.468 0.970 0.551 0.149   1.0
0.229 0.361 0.541 0.750   -1.0
0.944 0.940 0.867 0.425   1.0
0.558 0.914 0.643 0.157   1.0
0.924 0.067 0.331 0.039   -1.0
0.309 0.950 0.971 0.835   1.0
0.569 0.304 0.761 0.120   -1.0
0.017 0.348 0.814 0.559   -1.0
0.641 0.503 0.038 0.508   -1.0
0.619 0.066 0.842 0.262   -1.0
0.492 0.185 0.290 0.824   -1.0
0.883 0.132 0.174 0.854   -1.0*
0.965 0.423 0.271 0.726   1.0
0.724 0.743 0.891 0.538   1.0
0.990 0.179 0.804 0.028   1.0
0.732 0.647 0.754 0.574   1.0
0.977 0.066 0.094 0.267   -1.0
0.318 0.151 0.022 0.492   -1.0
0.989 0.457 0.429 0.261   1.0
0.972 0.985 0.925 0.863   1.0
0.227 0.853 0.702 0.031   -1.0
0.390 0.763 0.528 0.144   -1.0
0.437 0.121 0.403 0.531   -1.0
0.293 0.849 0.539 0.315   -1.0
0.544 0.304 0.798 0.973   1.0
0.980 0.944 0.550 0.906   1.0
0.073 0.133 0.660 0.776   -1.0
0.542 0.166 0.927 0.070   -1.0
0.264 0.507 0.431 0.667   -1.0
0.820 0.960 0.886 0.359   1.0
0.226 0.903 0.579 0.024   -1.0
0.144 0.004 0.820 0.694   -1.0
0.628 0.767 0.043 0.288   -1.0
0.207 0.830 0.709 0.134   -1.0
0.019 0.398 0.407 0.450   -1.0
0.444 0.270 0.025 0.330   -1.0
0.300 0.556 0.532 0.879   1.0
0.408 0.023 0.585 0.229   -1.0
0.495 0.856 0.484 0.538   1.0
0.027 0.745 0.975 0.736   1.0
0.875 0.754 0.276 0.281   1.0
0.341 0.725 0.474 0.366   -1.0
0.102 0.666 0.612 0.634   1.0
0.192 0.042 0.567 0.777   -1.0
0.284 0.272 0.127 0.768   -1.0
0.272 0.795 0.556 0.247   -1.0
0.434 0.122 0.285 0.711   -1.0
0.489 0.052 0.129 0.962   -1.0
0.184 0.065 0.083 0.796   -1.0
0.628 0.988 0.742 0.195   1.0
0.013 0.479 0.038 0.140   -1.0
0.849 0.413 0.042 0.404   -1.0
0.573 0.838 0.782 0.858   1.0
0.185 0.346 0.601 0.314   -1.0
0.018 0.499 0.374 0.102   -1.0
0.073 0.729 0.283 0.815   -1.0
0.048 0.828 0.404 0.086   1.0*
0.652 0.935 0.381 0.694   1.0
0.041 0.267 0.177 0.823   -1.0
0.726 0.008 0.471 0.327   -1.0
0.779 0.345 0.821 0.153   1.0
0.116 0.226 0.176 0.399   -1.0
0.101 0.447 0.868 0.505   -1.0
0.836 0.157 0.468 0.217   -1.0
0.806 0.258 0.118 0.984   1.0
0.242 0.710 0.089 0.713   -1.0
0.411 0.492 0.382 0.232   -1.0
0.829 0.348 0.871 0.005   1.0
0.912 0.106 0.194 0.781   -1.0
0.726 0.617 0.767 0.194   1.0
0.618 0.000 0.092 0.736   1.0*
0.172 0.978 0.694 0.261   1.0
0.731 0.672 0.184 0.113   -1.0
0.829 0.942 0.253 0.701   1.0
0.999 0.613 0.053 0.193   -1.0
0.664 0.920 0.010 0.431   1.0
0.844 0.049 0.114 0.936   -1.0
0.098 0.108 0.763 0.792   -1.0
0.454 0.523 0.041 0.638   -1.0
0.945 0.468 0.578 0.198   1.0
0.525 0.197 0.781 0.577   1.0
0.174 0.241 0.310 0.184   -1.0
0.424 0.028 0.721 0.537   1.0*
0.506 0.635 0.072 0.269   -1.0
0.441 0.723 0.950 0.482   1.0
0.586 0.427 0.829 0.164   1.0
0.997 0.688 0.822 0.778   1.0
0.213 0.952 0.506 0.523   1.0
0.178 0.946 0.165 0.899   1.0
0.129 0.404 0.119 0.201   -1.0
0.546 0.642 0.396 0.496   1.0
0.758 0.082 0.551 0.587   -1.0
0.176 0.584 0.934 0.999   1.0
0.199 0.212 0.315 0.706   -1.0
0.451 0.884 0.681 0.616   1.0
0.164 0.745 0.187 0.283   -1.0
0.860 0.830 0.588 0.256   1.0
0.713 0.014 0.408 0.264   -1.0
0.653 0.440 0.186 0.587   -1.0
0.548 0.786 0.651 0.863   1.0
0.385 0.314 0.375 0.066   -1.0
0.158 0.230 0.675 0.345   -1.0
0.621 0.205 0.343 0.209   -1.0
0.669 0.922 0.476 0.077   1.0
0.077 0.730 0.626 0.263   -1.0
0.065 0.811 0.103 0.716   -1.0
0.594 0.101 0.987 0.970   1.0
0.917 0.128 0.397 0.592   1.0
0.911 0.213 0.678 0.254   1.0
0.139 0.923 0.344 0.615   1.0
0.530 0.692 0.730 0.156   -1.0*
0.047 0.221 0.766 0.149   -1.0
0.439 0.744 0.038 0.427   -1.0
0.205 0.344 0.841 0.603   -1.0
0.313 0.514 0.149 0.991   -1.0
0.572 0.130 0.691 0.916   1.0
0.691 0.446 0.438 0.421   -1.0
0.393 0.468 0.824 0.159   -1.0
0.761 0.598 0.361 0.800   1.0
0.074 0.005 0.369 0.915   -1.0
0.305 0.229 0.121 0.454   -1.0
0.889 0.026 0.350 0.580   -1.0
0.095 0.272 0.388 0.533   -1.0
0.991 0.926 0.161 0.815   1.0
0.778 0.576 0.683 0.139   1.0
0.707 0.214 0.381 0.076   -1.0
0.989 0.381 0.358 0.110   -1.0
0.577 0.999 0.860 0.927   1.0
0.802 0.023 0.851 0.190   -1.0
0.544 0.180 0.482 0.705   1.0*
0.567 0.483 0.571 0.249   -1.0
0.947 0.957 0.836 0.328   1.0
0.965 0.316 0.413 0.323   1.0
0.248 0.900 0.425 0.108   -1.0
0.004 0.910 0.850 0.855   1.0
0.405 0.399 0.280 0.887   -1.0
0.275 0.454 0.587 0.846   1.0
0.209 0.793 0.660 0.045   -1.0
0.692 0.010 0.436 0.106   -1.0
0.862 0.353 0.233 0.287   -1.0
0.060 0.292 0.371 0.910   -1.0
0.471 0.315 0.546 0.751   1.0
0.650 0.026 0.656 0.236   -1.0
0.359 0.446 0.664 0.019   -1.0
0.785 0.711 0.502 0.221   1.0
0.835 0.084 0.170 0.068   -1.0
0.631 0.128 0.663 0.002   -1.0
0.810 0.473 0.354 0.355   -1.0
0.557 0.005 0.249 0.213   -1.0
0.121 0.572 0.687 0.786   1.0
0.178 0.571 0.302 0.680   -1.0
0.119 0.515 0.875 0.289   -1.0
0.246 0.921 0.711 0.909   1.0
0.749 0.718 0.396 0.103   -1.0
0.620 0.660 0.079 0.869   1.0
0.320 0.991 0.445 0.008   -1.0
0.036 0.186 0.347 0.338   -1.0
0.139 0.456 0.380 0.014   -1.0
0.963 0.260 0.666 0.674   1.0
0.589 0.423 0.887 0.985   1.0
0.961 0.605 0.186 0.040   -1.0
0.059 0.361 0.465 0.504   -1.0
0.242 0.539 0.554 0.588   -1.0
0.420 0.727 0.333 0.801   1.0
0.079 0.763 0.001 0.745   -1.0
0.170 0.334 0.860 0.057   -1.0
0.386 0.019 0.925 0.573   -1.0
0.400 0.632 0.419 0.865   1.0
0.788 0.107 0.675 0.342   -1.0
0.551 0.762 0.422 0.885   1.0
0.163 0.964 0.326 0.164   -1.0
0.763 0.333 0.043 0.623   -1.0
0.363 0.009 0.409 0.288   -1.0
0.468 0.688 0.213 0.887   1.0
0.349 0.675 0.660 0.024   -1.0
0.355 0.575 0.779 0.777   1.0
0.342 0.940 0.423 0.668   1.0
0.132 0.431 0.437 0.176   -1.0
0.827 0.539 0.063 0.237   -1.0
0.645 0.704 0.515 0.858   1.0
0.069 0.207 0.266 0.729   -1.0
0.283 0.084 0.806 0.062   -1.0
0.265 0.404 0.801 0.689   1.0
0.905 0.821 0.502 0.342   -1.0*
0.556 0.169 0.535 0.619   -1.0
0.362 0.263 0.110 0.878   -1.0
0.701 0.946 0.329 0.968   1.0
0.559 0.251 0.759 0.365   -1.0
0.621 0.630 0.716 0.422   1.0
0.787 0.326 0.140 0.289   -1.0
0.137 0.845 0.837 0.672   1.0
0.243 0.034 0.727 0.353   -1.0
0.849 0.054 0.858 0.177   -1.0
0.534 0.737 0.273 0.293   -1.0
0.585 0.913 0.732 0.301   1.0
0.051 0.088 0.661 0.191   -1.0
0.330 0.327 0.223 0.167   1.0*
0.686 0.409 0.033 0.413   -1.0
0.945 0.262 0.817 0.803   1.0
0.839 0.337 0.176 0.111   -1.0
0.277 0.696 0.543 0.009   1.0*
0.879 0.060 0.085 0.540   -1.0
0.463 0.870 0.579 0.685   1.0
0.578 0.372 0.446 0.611   1.0
0.208 0.556 0.047 0.025   -1.0
0.486 0.863 0.697 0.662   -1.0*
0.327 0.939 0.671 0.870   1.0
0.668 0.749 0.009 0.753   1.0
0.260 0.216 0.158 0.838   -1.0
0.194 0.416 0.273 0.640   -1.0
0.058 0.848 0.584 0.105   -1.0
0.943 0.591 0.736 0.640   1.0
0.711 0.967 0.192 0.382   1.0
0.141 0.050 0.585 0.150   -1.0
0.874 0.410 0.019 0.032   -1.0
0.921 0.226 0.664 0.194   1.0
0.692 0.253 0.714 0.275   -1.0
0.586 0.218 0.949 0.322   1.0
0.202 0.033 0.825 0.394   -1.0
0.661 0.535 0.464 0.247   -1.0
0.267 0.120 0.095 0.287   -1.0
0.343 0.208 0.378 0.008   -1.0
0.244 0.699 0.655 0.958   -1.0*
0.013 0.544 0.193 0.962   -1.0
0.052 0.164 0.900 0.876   -1.0
0.314 0.538 0.094 0.779   -1.0
0.779 0.046 0.905 0.874   1.0
0.057 0.217 0.540 0.435   -1.0
0.943 0.679 0.924 0.598   1.0
0.899 0.610 0.182 0.092   -1.0
0.048 0.143 0.736 0.948   -1.0
0.294 0.262 0.558 0.388   -1.0
0.342 0.166 0.087 0.247   -1.0
0.420 0.304 0.257 0.960   -1.0
0.482 0.902 0.419 0.406   1.0
0.056 0.305 0.110 0.238   -1.0
0.683 0.286 0.540 0.419   -1.0
0.560 0.713 0.496 0.118   -1.0
0.537 0.460 0.267 0.624   -1.0
0.307 0.044 0.012 0.564   -1.0
0.752 0.046 0.906 0.171   -1.0
0.406 0.227 0.757 0.517   -1.0
0.154 0.199 0.751 0.694   -1.0
0.985 0.255 0.331 0.481   1.0
0.431 0.018 0.833 0.697   -1.0
0.541 0.004 0.687 0.553   -1.0
0.691 0.305 0.614 0.597   1.0
0.067 0.003 0.703 0.824   -1.0
0.168 0.978 0.720 0.919   1.0
0.337 0.904 0.927 0.668   1.0
0.299 0.099 0.403 0.132   -1.0
0.046 0.673 0.800 0.732   1.0
0.369 0.423 0.531 0.983   1.0
0.007 0.050 0.023 0.710   -1.0
0.543 0.878 0.851 0.263   1.0
0.524 0.600 0.701 0.450   1.0
0.085 0.749 0.367 0.488   -1.0
0.163 0.534 0.555 0.964   1.0
0.781 0.332 0.689 0.312   1.0
0.709 0.319 0.365 0.732   1.0
0.239 0.275 0.907 0.090   -1.0
0.704 0.614 0.138 0.405   -1.0
0.407 0.490 0.814 0.774   -1.0*
0.696 0.937 0.512 0.251   1.0
0.779 0.032 0.233 0.468   -1.0
0.548 0.176 0.664 0.914   1.0
0.693 0.153 0.183 0.600   -1.0
0.721 0.304 0.857 0.859   1.0
0.922 0.266 0.199 0.735   1.0
0.178 0.431 0.976 0.690   1.0
0.877 0.469 0.713 0.110   1.0
0.057 0.658 0.113 0.721   -1.0
0.021 0.414 0.725 0.204   -1.0
0.968 0.926 0.318 0.825   1.0
0.027 0.747 0.051 0.227   -1.0
0.090 0.404 0.913 0.066   -1.0
0.594 0.943 0.563 0.308   1.0
0.500 0.365 0.711 0.613   1.0
0.282 0.634 0.499 0.007   -1.0
0.513 0.975 0.764 0.832   1.0
0.548 0.859 0.547 0.599   1.0
0.029 0.689 0.490 0.942   1.0
0.584 0.536 0.698 0.147   -1.0
0.751 0.647 0.209 0.461   1.0
0.295 0.744 0.893 0.794   1.0
0.731 0.308 0.726 0.495   1.0
0.526 0.044 0.998 0.073   -1.0
0.084 0.102 0.332 0.574   -1.0
0.087 0.158 0.580 0.785   -1.0
0.424 0.535 0.953 0.633   -1.0*
0.212 0.928 0.740 0.105   -1.0
0.491 0.837 0.030 0.217   -1.0
0.169 0.742 0.376 0.167   -1.0
0.018 0.251 0.917 0.350   -1.0
0.961 0.436 0.984 0.541   1.0
0.289 0.965 0.756 0.242   1.0
0.753 0.454 0.527 0.493   1.0
0.249 0.984 0.396 0.279   -1.0
0.728 0.448 0.943 0.104   1.0
0.758 0.122 0.867 0.675   1.0
0.692 0.636 0.907 0.676   1.0
0.128 0.965 0.142 0.884   1.0
0.740 0.637 0.661 0.267   1.0
0.220 0.516 0.114 0.616   -1.0
0.315 0.344 0.242 0.258   -1.0
0.857 0.016 0.569 0.724   1.0
0.040 0.416 0.327 0.948   -1.0
0.503 0.076 0.056 0.645   1.0*
0.263 0.385 0.598 0.923   1.0
0.728 0.143 0.167 0.842   -1.0
0.961 0.157 0.103 0.203   -1.0
0.551 0.061 0.430 0.120   -1.0
0.121 0.161 0.200 0.448   -1.0
0.292 0.951 0.185 0.348   -1.0
0.145 0.611 0.980 0.743   1.0
0.631 0.471 0.677 0.798   1.0
0.436 0.760 0.469 0.540   -1.0*
0.883 0.091 0.024 0.314   -1.0
0.808 0.435 0.371 0.008   -1.0
0.480 0.300 0.833 0.664   1.0
0.429 0.809 0.258 0.409   -1.0
0.792 0.040 0.023 0.470   -1.0
0.335 0.906 0.598 0.804   1.0
0.561 0.687 0.536 0.585   1.0
0.747 0.393 0.435 0.118   -1.0
0.318 0.597 0.701 0.151   -1.0
0.349 0.580 0.071 0.607   1.0*
0.623 0.400 0.029 0.645   -1.0
0.867 0.980 0.775 0.465   1.0
0.221 0.027 0.471 0.757   -1.0
0.471 0.504 0.004 0.907   -1.0
0.406 0.225 0.219 0.107   -1.0
0.481 0.456 0.956 0.552   1.0
0.945 0.174 0.463 0.973   1.0
0.332 0.841 0.800 0.107   1.0
0.584 0.328 0.333 0.055   -1.0
0.944 0.526 0.589 0.949   1.0
0.210 0.354 0.657 0.430   -1.0
0.033 0.910 0.917 0.989   1.0
0.980 0.934 0.636 0.443   1.0
0.456 0.775 0.748 0.256   1.0
0.054 0.840 0.210 0.387   -1.0
0.295 0.331 0.421 0.884   -1.0
0.854 0.094 0.634 0.511   1.0
0.096 0.544 0.434 0.013   -1.0
0.897 0.993 0.468 0.533   1.0
0.375 0.989 0.211 0.123   -1.0
0.093 0.178 0.085 0.303   -1.0
0.980 0.598 0.897 0.401   1.0
0.177 0.254 0.577 0.811   -1.0
0.101 0.907 0.310 0.535   -1.0
0.843 0.432 0.912 0.311   -1.0*
0.348 0.686 0.954 0.558   1.0
0.199 0.652 0.988 0.285   -1.0*
0.553 0.265 0.553 0.449   -1.0
0.035 0.626 0.920 0.612   1.0
0.686 0.712 0.343 0.995   1.0
0.263 0.839 0.679 0.174   -1.0
0.644 0.522 0.836 0.597   1.0
0.646 0.797 0.732 0.634   1.0
0.687 0.186 0.346 0.240   -1.0
0.012 0.275 0.262 0.932   -1.0
0.698 0.618 0.600 0.042   -1.0
0.847 0.304 0.451 0.526   1.0
0.601 0.170 0.001 0.438   -1.0
0.081 0.084 0.564 0.813   -1.0
0.645 0.500 0.904 0.991   1.0
0.540 0.003 0.016 0.801   -1.0
0.903 0.500 0.552 0.502   1.0
0.165 0.350 0.846 0.617   -1.0
0.325 0.218 0.045 0.326   -1.0
0.812 0.407 0.740 0.376   1.0
0.457 0.021 0.721 0.361   -1.0
0.461 0.901 0.015 0.477   -1.0
0.950 0.379 0.202 0.502   1.0
0.743 0.668 0.231 0.589   1.0
0.107 0.914 0.502 0.153   -1.0
0.158 0.965 0.647 0.898   1.0
0.868 0.355 0.362 0.588   1.0
0.374 0.049 0.617 0.389   -1.0
0.319 0.339 0.905 0.521   1.0
0.787 0.264 0.509 0.019   -1.0
0.793 0.126 0.767 0.295   -1.0
0.007 0.454 0.243 0.654   -1.0
0.585 0.521 0.706 0.947   1.0
0.423 0.321 0.159 0.040   -1.0
0.685 0.359 0.049 0.591   -1.0
0.890 0.378 0.143 0.399   -1.0
0.996 0.192 0.522 0.763   1.0
0.800 0.770 0.941 0.044   1.0
0.292 0.628 0.945 0.998   1.0
0.055 0.421 0.896 0.214   -1.0
0.606 0.900 0.819 0.654   1.0
0.699 0.544 0.868 0.842   1.0
0.264 0.838 0.135 0.786   1.0
0.622 0.587 0.371 0.562   1.0
0.795 0.854 0.258 0.740   1.0
0.833 0.795 0.274 0.729   1.0
0.734 0.334 0.909 0.554   -1.0*
0.399 0.252 0.533 0.267   -1.0
0.476 0.531 0.932 0.611   1.0
0.533 0.233 0.904 0.904   1.0
0.535 0.699 0.649 0.793   1.0
0.502 0.626 0.234 0.775   1.0
0.243 0.510 0.690 0.152   -1.0
0.678 0.551 0.316 0.212   -1.0
0.410 0.688 0.349 0.343   -1.0
0.667 0.876 0.532 0.571   1.0
0.327 0.106 0.479 0.976   -1.0
0.918 0.477 0.525 0.151   1.0
0.881 0.394 0.763 0.570   1.0
0.826 0.249 0.096 0.142   -1.0
0.914 0.553 0.149 0.263   -1.0
0.448 0.930 0.771 0.980   1.0
0.551 0.307 0.608 0.030   -1.0
0.507 0.948 0.760 0.033   1.0
0.013 0.913 0.493 0.776   1.0
0.038 0.602 0.732 0.135   -1.0
0.192 0.049 0.297 0.341   -1.0
0.192 0.789 0.243 0.963   1.0
0.744 0.514 0.076 0.353   -1.0
0.358 0.860 0.492 0.119   -1.0
0.590 0.132 0.806 0.083   -1.0
0.289 0.122 0.509 0.021   -1.0
0.253 0.214 0.305 0.550   -1.0
0.617 0.742 0.344 0.860   1.0
0.113 0.604 0.219 0.189   1.0*
0.764 0.547 0.817 0.255   1.0
0.709 0.846 0.798 0.515   1.0
0.705 0.804 0.050 0.214   -1.0
0.307 0.467 0.039 0.612   -1.0
0.594 0.230 0.759 0.938   1.0
0.464 0.051 0.694 0.684   -1.0
0.651 0.447 0.788 0.468   1.0
0.454 0.177 0.548 0.251   -1.0
0.477 0.956 0.497 0.527   1.0
0.323 0.834 0.637 0.362   1.0
0.653 0.956 0.676 0.412   1.0
0.765 0.877 0.946 0.460   1.0
0.186 0.111 0.008 0.974   -1.0
0.711 0.428 0.756 0.259   1.0
0.448 0.736 0.635 0.945   1.0
0.805 0.268 0.097 0.442   -1.0
0.543 0.095 0.586 0.219   -1.0
0.481 0.985 0.384 0.427   1.0
0.945 0.614 0.555 0.953   1.0
0.133 0.663 0.016 0.889   -1.0
0.695 0.337 0.658 0.331   1.0
0.921 0.136 0.550 0.018   -1.0
0.180 0.562 0.673 0.766   1.0
0.180 0.247 0.766 0.564   -1.0
0.210 0.509 0.288 0.765   -1.0
0.876 0.898 0.126 0.892   1.0
0.048 0.587 0.125 0.706   -1.0
0.407 0.627 0.053 0.958   1.0
0.631 0.138 0.206 0.303   -1.0
0.987 0.484 0.151 0.753   1.0
0.826 0.963 0.557 0.114   1.0
0.020 0.989 0.626 0.145   -1.0
0.413 0.193 0.468 0.538   -1.0
0.386 0.946 0.526 0.439   1.0
0.171 0.070 0.041 0.377   -1.0
0.945 0.365 0.857 0.096   1.0
0.905 0.922 0.080 0.463   1.0
0.808 0.482 0.024 0.434   -1.0
0.906 0.847 0.821 0.374   1.0
0.720 0.759 0.331 0.246   1.0
0.234 0.417 0.269 0.275   -1.0
0.642 0.220 0.159 0.500   -1.0
0.277 0.405 0.238 0.357   -1.0
0.273 0.165 0.350 0.297   -1.0
0.978 0.203 0.446 0.799   1.0
0.831 0.519 0.336 0.162   -1.0
0.534 0.397 0.182 0.803   -1.0
0.977 0.445 0.892 0.136   1.0
0.208 0.413 0.350 0.446   -1.0
0.217 0.718 0.935 0.567   1.0
0.534 0.545 0.218 0.979   1.0
0.794 0.811 0.863 0.130   -1.0*
0.628 0.664 0.370 0.810   1.0
0.042 0.787 0.912 0.934   1.0
0.857 0.142 0.336 0.207   -1.0
0.106 0.425 0.306 0.041   1.0*
0.321 0.575 0.537 0.539   -1.0
0.880 0.333 0.365 0.743   1.0
0.338 0.371 0.127 0.708   -1.0
0.594 0.751 0.969 0.506   1.0
0.892 0.364 0.827 0.229   1.0
0.414 0.335 0.995 0.720   1.0
0.987 0.041 0.951 0.524   1.0
0.505 0.404 0.913 0.870   1.0
0.376 0.208 0.517 0.503   -1.0
0.699 0.097 0.667 0.667   1.0
0.351 0.559 0.967 0.178   1.0
0.537 0.592 0.123 0.533   -1.0
0.499 0.520 0.353 0.449   -1.0
0.933 0.954 0.448 0.846   1.0
0.595 0.222 0.031 0.112   -1.0
0.948 0.811 0.821 0.614   1.0
0.424 0.966 0.037 0.390   -1.0
0.825 0.928 0.736 0.947   1.0
0.049 0.446 0.981 0.402   -1.0
0.025 0.335 0.849 0.472   -1.0
0.672 0.067 0.404 0.703   -1.0
0.128 0.651 0.989 0.950   1.0
0.467 0.373 0.231 0.504   -1.0
0.375 0.329 0.692 0.111   -1.0
0.153 0.160 0.722 0.133   -1.0
0.617 0.158 0.897 0.466   1.0
0.079 0.139 0.697 0.482   -1.0
0.876 0.611 0.493 0.866   1.0
0.758 0.333 0.934 0.989   1.0
0.698 0.364 0.166 0.390   -1.0
0.442 0.542 0.636 0.164   -1.0
0.197 0.782 0.833 0.095   -1.0
0.464 0.173 0.387 0.161   -1.0
0.229 0.037 0.266 0.722   -1.0
0.826 0.480 0.235 0.760   1.0
0.072 0.458 0.834 0.238   -1.0
0.309 0.680 0.389 0.945   1.0
0.065 0.143 0.626 0.898   -1.0
0.875 0.362 0.410 0.262   -1.0
0.066 0.490 0.560 0.332   -1.0
0.462 0.159 0.692 0.698   1.0
0.161 0.770 0.376 0.995   1.0
0.223 0.304 0.688 0.613   -1.0
0.533 0.677 0.392 0.159   -1.0
0.629 0.034 0.938 0.039   -1.0
0.460 0.105 0.786 0.020   -1.0
0.998 0.483 0.596 0.690   1.0
0.515 0.851 0.950 0.891   1.0
0.958 0.114 0.150 0.647   -1.0
0.399 0.179 0.404 0.791   -1.0
0.980 0.420 0.372 0.917   1.0
0.668 0.377 0.564 0.454   1.0
0.002 0.452 0.880 0.598   -1.0
0.061 0.112 0.992 0.011   -1.0
0.837 0.970 0.117 0.986   1.0
0.844 0.385 0.796 0.247   1.0
0.134 0.227 0.595 0.506   -1.0
0.054 0.174 0.522 0.618   -1.0
0.919 0.620 0.080 0.800   1.0
0.221 0.860 0.330 0.212   -1.0
0.333 0.049 0.841 0.450   -1.0
0.457 0.293 0.421 0.253   -1.0
0.597 0.387 0.768 0.192   -1.0
0.912 0.247 0.068 0.434   -1.0
0.696 0.353 0.485 0.776   1.0
0.703 0.996 0.013 0.033   -1.0
0.884 0.366 0.258 0.725   1.0
0.294 0.182 0.109 0.716   -1.0
0.650 0.313 0.822 0.418   1.0
0.715 0.330 0.752 0.783   1.0
0.617 0.479 0.116 0.102   -1.0
0.269 0.805 0.251 0.282   -1.0
0.460 0.166 0.203 0.718   -1.0
0.019 0.012 0.074 0.127   -1.0
0.509 0.777 0.040 0.331   -1.0
0.545 0.046 0.524 0.297   -1.0
0.288 0.914 0.307 0.404   -1.0
0.562 0.673 0.821 0.812   -1.0*
0.659 0.272 0.120 0.862   1.0*
0.011 0.881 0.002 0.085   -1.0
0.730 0.594 0.785 0.770   1.0
0.980 0.316 0.971 0.504   1.0
0.799 0.792 0.527 0.107   1.0
0.543 0.668 0.868 0.365   1.0
0.822 0.023 0.752 0.943   1.0
0.742 0.954 0.766 0.744   1.0
0.774 0.474 0.633 0.559   1.0
0.558 0.539 0.560 0.529   1.0
0.174 0.328 0.835 0.701   1.0
0.031 0.244 0.103 0.899   -1.0
0.583 0.722 0.632 0.336   1.0
0.517 0.078 0.619 0.283   -1.0
0.658 0.057 0.297 0.291   -1.0
0.542 0.849 0.156 0.102   -1.0
0.199 0.276 0.706 0.034   1.0*
0.141 0.065 0.221 0.243   1.0*
0.829 0.827 0.687 0.461   1.0
0.351 0.979 0.241 0.970   1.0
0.063 0.627 0.319 0.360   -1.0
0.935 0.902 0.768 0.091   1.0
0.146 0.290 0.280 0.851   -1.0
0.256 0.992 0.390 0.477   1.0
0.354 0.306 0.062 0.041   -1.0
0.225 0.392 0.747 0.465   -1.0
0.008 0.529 0.989 0.327   -1.0
0.907 0.262 0.791 0.675   1.0
0.795 0.821 0.642 0.074   1.0
0.966 0.331 0.664 0.356   1.0
0.899 0.710 0.114 0.962   1.0
0.882 0.186 0.142 0.628   -1.0
0.504 0.636 0.180 0.493   1.0*
0.069 0.400 0.225 0.860   -1.0
0.578 0.654 0.896 0.220   1.0
0.568 0.186 0.059 0.232   -1.0
0.867 0.132 0.251 0.981   1.0
0.002 0.862 0.280 0.144   -1.0
0.931 0.648 0.127 0.112   -1.0
0.091 0.181 0.540 0.316   -1.0
0.616 0.893 0.695 0.512   1.0
0.423 0.080 0.299 0.483   -1.0
0.840 0.350 0.444 0.091   -1.0
0.537 0.092 0.193 0.816   -1.0
0.684 0.748 0.884 0.811   1.0
0.024 0.901 0.040 0.565   -1.0
0.080 0.180 0.111 0.775   -1.0
0.223 0.199 0.772 0.522   -1.0
0.084 0.362 0.031 0.527   -1.0
0.362 0.064 0.544 0.554   -1.0
0.780 0.238 0.628 0.664   1.0
0.488 0.688 0.950 0.528   1.0
0.167 0.608 0.433 0.278   -1.0
0.125 0.501 0.582 0.896   1.0
0.264 0.980 0.385 0.295   -1.0
0.837 0.656 0.571 0.381   1.0
0.451 0.161 0.449 0.079   -1.0
0.498 0.567 0.513 0.448   1.0
0.766 0.615 0.703 0.198   1.0
0.086 0.323 0.395 0.668   -1.0
0.418 0.932 0.199 0.803   1.0
0.706 0.640 0.883 0.277   1.0
0.093 0.728 0.183 0.542   -1.0
0.008 0.040 0.374 0.521   -1.0
0.469 0.287 0.103 0.172   -1.0
0.996 0.258 0.808 0.391   1.0
0.028 0.809 0.858 0.227   -1.0
0.085 0.933 0.252 0.967   1.0
0.273 0.061 0.938 0.456   -1.0
0.745 0.464 0.643 0.119   1.0*
0.130 0.589 0.273 0.233   -1.0
0.758 0.230 0.019 0.566   -1.0
0.946 0.594 0.430 0.804   1.0
0.042 0.888 0.753 0.294   -1.0
0.963 0.567 0.916 0.900   1.0
0.519 0.645 0.488 0.161   -1.0
0.474 0.292 0.353 0.746   -1.0
0.114 0.504 0.755 0.133   -1.0
0.376 0.079 0.664 0.806   -1.0
0.484 0.848 0.771 0.238   1.0
0.626 0.200 0.709 0.543   1.0
0.732 0.061 0.746 0.220   -1.0
0.511 0.694 0.515 0.864   1.0
0.040 0.978 0.944 0.795   1.0
0.014 0.171 0.190 0.678   1.0*
0.073 0.162 0.824 0.844   -1.0
0.965 0.470 0.600 0.674   1.0
0.700 0.407 0.074 0.446   -1.0
0.297 0.957 0.321 0.811   1.0
0.761 0.851 0.799 0.705   1.0
0.911 0.719 0.816 0.101   1.0
0.793 0.174 0.558 0.616   1.0
0.958 0.582 0.487 0.558   1.0
0.500 0.258 0.663 0.574   -1.0
0.290 0.870 0.661 0.612   1.0
0.481 0.373 0.533 0.281   -1.0
0.179 0.191 0.797 0.995   1.0
0.193 0.787 0.467 0.752   1.0
0.484 0.709 0.986 0.971   1.0
0.242 0.471 0.525 0.905   1.0
0.228 0.195 0.915 0.889   1.0
0.597 0.371 0.180 0.130   -1.0
0.257 0.308 0.843 0.054   -1.0
0.135 0.247 0.091 0.602   1.0*
0.494 0.086 0.708 0.480   -1.0
0.975 0.722 0.529 0.499   1.0
0.574 0.728 0.823 0.489   1.0
0.630 0.086 0.987 0.809   1.0
0.639 0.067 0.524 0.481   -1.0
0.827 0.617 0.367 0.917   1.0
0.366 0.412 0.304 0.074   -1.0
0.362 0.048 0.614 0.890   -1.0
0.242 0.464 0.275 0.064   1.0*
0.892 0.694 0.039 0.880   1.0
0.254 0.518 0.570 0.778   -1.0*
0.690 0.605 0.617 0.057   -1.0
0.835 0.423 0.934 0.140   1.0
0.827 0.501 0.545 0.441   1.0
0.093 0.683 0.856 0.368   -1.0
0.809 0.261 0.441 0.847   1.0
0.944 0.102 0.659 0.513   1.0
0.659 0.203 0.485 0.275   -1.0
0.008 0.110 0.684 0.942   -1.0
0.181 0.769 0.751 0.726   1.0
0.143 0.819 0.892 0.999   1.0
0.639 0.807 0.447 0.080   -1.0
0.588 0.023 0.757 0.247   -1.0
0.637 0.905 0.740 0.122   1.0
0.001 0.129 0.291 0.684   -1.0
0.541 0.865 0.840 0.292   1.0
0.049 0.435 0.409 0.941   -1.0
0.596 0.580 0.241 0.044   -1.0
0.896 0.631 0.683 0.653   1.0
0.220 0.289 0.784 0.960   1.0
0.964 0.960 0.540 0.256   1.0
0.611 0.797 0.510 0.451   1.0
0.101 0.500 0.524 0.510   -1.0
0.958 0.106 0.021 0.199   -1.0
0.681 0.095 0.781 0.365   -1.0
0.659 0.585 0.038 0.443   -1.0
0.448 0.407 0.505 0.988   1.0
0.150 0.599 0.460 0.660   -1.0
0.549 0.760 0.550 0.073   -1.0
0.991 0.031 0.376 0.012   -1.0
0.526 0.694 0.326 0.307   -1.0
0.074 0.966 0.643 0.112   -1.0
0.187 0.560 0.817 0.692   1.0
0.480 0.842 0.148 0.939   1.0
0.197 0.488 0.262 0.747   -1.0
0.532 0.738 0.592 0.908   1.0
0.823 0.433 0.444 0.149   -1.0
0.503 0.223 0.706 0.146   -1.0
0.116 0.333 0.894 0.932   1.0
0.443 0.412 0.868 0.590   1.0
0.369 0.788 0.840 0.631   1.0
0.401 0.163 0.273 0.993   -1.0
0.024 0.816 0.504 0.468   1.0*
0.244 0.971 0.188 0.950   1.0
0.522 0.066 0.450 0.416   1.0*
0.475 0.859 0.410 0.342   1.0
0.762 0.712 0.237 0.601   1.0
0.772 0.002 0.505 0.045   1.0*
0.576 0.068 0.811 0.079   -1.0
0.776 0.323 0.507 0.964   1.0
0.623 0.486 0.340 0.073   -1.0
0.338 0.548 0.761 0.748   1.0
0.210 0.509 0.602 0.447   -1.0
0.944 0.219 0.113 0.450   -1.0
0.108 0.025 0.332 0.919   -1.0
0.868 0.695 0.428 0.374   1.0
0.702 0.997 0.145 0.042   -1.0
0.047 0.380 0.618 0.808   -1.0
0.508 0.019 0.637 0.110   -1.0
0.747 0.054 0.684 0.860   1.0
0.948 0.968 0.529 0.279   1.0
0.634 0.147 0.583 0.063   -1.0
0.242 0.765 0.519 0.387   -1.0
0.589 0.434 0.186 0.207   -1.0
0.313 0.714 0.261 0.950   1.0
0.726 0.698 0.878 0.411   1.0
0.382 0.359 0.525 0.912   1.0
0.412 0.546 0.785 0.995   1.0
0.306 0.237 0.373 0.825   -1.0
0.180 0.414 0.057 0.365   -1.0
0.299 0.679 0.334 0.560   -1.0
0.159 0.286 0.327 0.037   -1.0
0.884 0.419 0.056 0.409   -1.0
0.694 0.822 0.876 0.479   1.0
0.485 0.785 0.053 0.858   1.0
0.677 0.037 0.023 0.734   -1.0
0.643 0.033 0.082 0.978   -1.0
0.711 0.136 0.879 0.037   -1.0
0.576 0.921 0.592 0.632   1.0
0.923 0.325 0.152 0.799   1.0
0.969 0.284 0.589 0.023   -1.0
0.199 0.699 0.180 0.222   -1.0
0.582 0.865 0.467 0.664   1.0
0.059 0.375 0.979 0.939   1.0
0.152 0.515 0.333 0.744   -1.0
0.664 0.667 0.472 0.816   1.0
0.276 0.786 0.751 0.865   1.0
0.893 0.064 0.507 0.073   -1.0
0.941 0.655 0.150 0.407   1.0
0.993 0.467 0.695 0.971   1.0
0.107 0.123 0.920 0.440   -1.0
0.066 0.104 0.535 0.538   -1.0
0.002 0.814 0.706 0.753   1.0
0.514 0.646 0.743 0.021   -1.0
0.028 0.962 0.375 0.178   -1.0
0.694 0.171 0.836 0.389   1.0
0.241 0.495 0.266 0.161   -1.0
0.134 0.228 0.040 0.669   -1.0
0.960 0.671 0.581 0.666   1.0
0.260 0.180 0.070 0.003   -1.0
0.789 0.031 0.164 0.164   -1.0
0.534 0.858 0.381 0.370   1.0
0.523 0.611 0.743 0.789   1.0
0.678 0.923 0.001 0.718   1.0
0.767 0.678 0.262 0.347   1.0
0.686 0.607 0.525 0.756   1.0
0.726 0.546 0.641 0.891   1.0
0.851 0.424 0.568 0.232   1.0
0.815 0.755 0.405 0.558   1.0
0.178 0.236 0.467 0.178   1.0*
0.058 0.945 0.632 0.320   -1.0
0.977 0.007 0.899 0.501   1.0
0.509 0.228 0.309 0.151   -1.0
0.018 0.001 0.542 0.586   -1.0
0.336 0.402 0.988 0.741   -1.0*
0.532 0.919 0.196 0.998   1.0
0.150 0.056 0.042 0.783   -1.0
0.334 0.759 0.383 0.233   -1.0
0.146 0.742 0.489 0.455   -1.0
0.607 0.473 0.894 0.149   1.0
0.128 0.486 0.461 0.115   -1.0
0.421 0.647 0.146 0.617   -1.0
0.242 0.767 0.702 0.284   -1.0
0.078 0.618 0.309 0.462   -1.0
0.570 0.608 0.593 0.059   -1.0
0.486 0.666 0.535 0.381   1.0
0.595 0.508 0.301 0.056   -1.0
0.528 0.477 0.271 0.673   -1.0
0.916 0.915 0.861 0.617   1.0
0.411 0.696 0.817 0.721   1.0
0.668 0.291 0.765 0.262   -1.0
0.827 0.748 0.015 0.363   -1.0
0.830 0.957 0.637 0.131   1.0
0.261 0.658 0.490 0.531   -1.0
0.584 0.447 0.247 0.445   -1.0
0.446 0.856 0.760 0.264   1.0
0.917 0.932 0.868 0.682   1.0
0.217 0.510 0.941 0.232   -1.0
0.070 0.062 0.829 0.707   -1.0
0.842 0.967 0.851 0.332   1.0
0.182 0.915 0.946 0.429   1.0
0.010 0.875 0.217 0.770   -1.0
0.794 0.687 0.070 0.662   1.0
0.264 0.879 0.879 0.205   1.0
0.751 0.275 0.172 0.581   1.0*
0.365 0.423 0.949 0.215   -1.0
0.448 0.397 0.670 0.393   -1.0
0.031 0.403 0.700 0.247   -1.0
0.839 0.041 0.860 0.909   1.0
0.230 0.173 0.581 0.109   -1.0
0.692 0.861 0.653 0.864   1.0
0.634 0.228 0.864 0.584   1.0
0.619 0.032 0.841 0.289   -1.0
0.666 0.320 0.828 0.366   1.0
0.001 0.205 0.608 0.862   -1.0
0.311 0.092 0.286 0.892   -1.0
0.664 0.584 0.062 0.316   -1.0
0.503 0.951 0.676 0.367   1.0
0.119 0.987 0.566 0.960   1.0
0.991 0.626 0.596 0.819   -1.0*
0.163 0.820 0.197 0.771   -1.0
0.311 0.082 0.774 0.598   1.0*
0.974 0.262 0.557 0.036   -1.0
0.004 0.539 0.529 0.680   -1.0
0.064 0.799 0.893 0.630   1.0
0.169 0.621 0.385 0.764   -1.0
0.377 0.927 0.261 0.574   1.0
0.943 0.886 0.779 0.717   1.0
0.753 0.691 0.745 0.310   1.0
0.323 0.314 0.266 0.852   1.0*
0.173 0.915 0.793 0.066   -1.0
0.552 0.234 0.166 0.937   1.0*
0.607 0.313 0.926 0.868   1.0
0.623 0.811 0.773 0.403   1.0
0.256 0.155 0.218 0.001   -1.0
0.945 0.324 0.779 0.211   1.0
0.773 0.384 0.091 0.566   -1.0
0.636 0.118 0.684 0.803   1.0
0.683 0.410 0.368 0.609   1.0
0.256 0.232 0.088 0.029   -1.0
0.615 0.286 0.790 0.834   1.0
0.255 0.779 0.610 0.034   1.0*
0.786 0.808 0.374 0.877   1.0
0.823 0.513 0.492 0.507   1.0
0.547 0.190 0.726 0.915   1.0
0.003 0.171 0.030 0.091   -1.0
0.665 0.707 0.486 0.455   1.0
0.773 0.710 0.319 0.383   1.0
0.309 0.169 0.552 0.683   -1.0
0.926 0.506 0.559 0.418   1.0
0.875 0.965 0.203 0.601   1.0
0.001 0.604 0.051 0.031   -1.0
0.252 0.696 0.402 0.737   1.0
0.942 0.510 0.861 0.261   1.0
0.605 0.570 0.062 0.156   -1.0
0.108 0.082 0.759 0.667   -1.0
0.771 0.542 0.464 0.974   1.0
0.344 0.975 0.747 0.396   1.0
0.442 0.647 0.703 0.844   1.0
0.854 0.787 0.895 0.715   1.0
0.788 0.319 0.618 0.850   1.0
0.871 0.957 0.557 0.630   1.0
0.057 0.401 0.167 0.521   -1.0
0.309 0.866 0.350 0.056   -1.0
0.357 0.498 0.908 0.060   -1.0
0.293 0.914 0.129 0.187   -1.0
0.177 0.975 0.948 0.796   1.0
0.424 0.667 0.782 0.981   1.0
0.407 0.038 0.698 0.573   -1.0
0.073 0.882 0.425 0.423   -1.0
0.686 0.781 0.437 0.594   1.0
0.780 0.887 0.755 0.909   1.0
0.384 0.086 0.049 0.332   -1.0
0.874 0.756 0.548 0.656   1.0
0.845 0.062 0.775 0.543   1.0
0.334 0.615 0.518 0.759   1.0
0.456 0.445 0.819 0.893   1.0
0.660 0.673 0.925 0.415   1.0
0.999 0.798 0.668 0.048   1.0
0.550 0.922 0.886 0.098   1.0
0.623 0.943 0.639 0.398   1.0
0.275 0.732 0.101 0.792   -1.0
0.140 0.249 0.935 0.959   1.0
0.973 0.619 0.815 0.899   1.0
0.397 0.898 0.832 0.065   1.0
0.962 0.615 0.868 0.848   1.0
0.445 0.471 0.657 0.084   -1.0
0.143 0.359 0.600 0.244   -1.0
0.090 0.383 0.399 0.025   -1.0
0.541 0.999 0.961 0.356   1.0
0.995 0.753 0.795 0.827   1.0
0.741 0.789 0.434 0.608   1.0
0.147 0.053 0.107 0.804   -1.0
0.976 0.947 0.496 0.575   1.0
0.647 0.666 0.574 0.046   -1.0
0.916 0.587 0.689 0.878   1.0
0.586 0.872 0.697 0.381   1.0
0.516 0.122 0.488 0.950   1.0
0.125 0.097 0.783 0.232   -1.0
0.921 0.208 0.848 0.416   1.0
0.038 0.063 0.449 0.612   -1.0
0.140 0.528 0.696 0.829   1.0
0.640 0.415 0.278 0.337   -1.0
0.978 0.853 0.919 0.466   1.0
0.649 0.590 0.899 0.432   1.0
0.800 0.353 0.030 0.648   -1.0
0.814 0.686 0.833 0.263   1.0
0.942 0.402 0.826 0.638   1.0
0.232 0.278 0.647 0.511   -1.0
0.443 0.488 0.467 0.362   1.0*
0.270 0.011 0.544 0.169   -1.0
0.367 0.969 0.796 0.397   1.0
0.566 0.211 0.304 0.398   -1.0
0.602 0.340 0.876 0.428   -1.0*
0.107 0.660 0.255 0.754   -1.0
0.870 0.197 0.659 0.337   1.0
0.613 0.607 0.570 0.157   -1.0
0.013 0.524 0.745 0.809   1.0
0.362 0.375 0.132 0.666   -1.0
0.605 0.268 0.113 0.481   -1.0
0.091 0.588 0.356 0.346   -1.0
0.527 0.216 0.539 0.186   -1.0
0.098 0.799 0.160 0.668   1.0*
0.936 0.681 0.480 0.681   1.0
0.401 0.043 0.866 0.532   -1.0
0.639 0.137 0.977 0.752   1.0
0.673 0.843 0.206 0.029   -1.0
0.548 0.555 0.404 0.088   -1.0
0.957 0.186 0.541 0.117   -1.0
0.497 0.053 0.536 0.977   1.0
0.026 0.377 0.777 0.892   1.0
0.486 0.531 0.047 0.463   -1.0
0.665 0.136 0.126 0.872   -1.0
0.314 0.420 0.720 0.719   1.0
0.461 0.676 0.694 0.002   -1.0
0.548 0.499 0.846 0.084   -1.0
0.580 0.110 0.853 0.357   -1.0
0.763 0.843 0.533 0.810   1.0
0.816 0.475 0.442 0.941   1.0
0.607 0.256 0.767 0.326   1.0*
0.275 0.788 0.650 0.969   1.0
0.443 0.518 0.289 0.289   -1.0
0.764 0.869 0.711 0.617   1.0
0.713 0.379 0.068 0.246   -1.0
0.375 0.062 0.664 0.817   -1.0
0.011 0.423 0.259 0.778   -1.0
0.233 0.053 0.538 0.883   -1.0
0.327 0.326 0.540 0.616   -1.0
0.141 0.380 0.484 0.852   1.0*
0.709 0.566 0.376 0.778   1.0
0.565 0.152 0.874 0.229   1.0*
0.878 0.240 0.393 0.137   -1.0
0.143 0.370 0.071 0.680   -1.0
0.093 0.008 0.580 0.633   -1.0
0.196 0.774 0.004 0.680   -1.0
0.001 0.389 0.192 0.377   -1.0
0.004 0.942 0.319 0.878   1.0
0.289 0.756 0.411 0.682   1.0
0.429 0.824 0.263 0.500   1.0
0.517 0.593 0.513 0.097   -1.0
0.137 0.292 0.999 0.141   1.0*
0.626 0.142 0.361 0.818   -1.0
0.528 0.822 0.461 0.847   1.0
0.632 0.136 0.456 0.044   -1.0
0.349 0.472 0.642 0.611   -1.0*
0.147 0.128 0.565 0.660   -1.0
0.790 0.796 0.517 0.789   1.0
0.489 0.415 0.079 0.850   -1.0
0.597 0.378 0.055 0.058   -1.0
0.755 0.691 0.361 0.211   1.0
0.178 0.559 0.207 0.820   -1.0
0.179 0.967 0.299 0.743   1.0
0.523 0.534 0.423 0.040   -1.0
0.360 0.529 0.738 0.438   1.0
0.970 0.036 0.757 0.025   -1.0
0.982 0.780 0.785 0.343   -1.0*
0.519 0.521 0.550 0.726   1.0
0.721 0.905 0.308 0.020   -1.0
0.934 0.544 0.182 0.357   1.0
0.505 0.716 0.113 0.242   -1.0
0.493 0.213 0.190 0.250   -1.0
0.285 0.233 0.018 0.070   -1.0
0.009 0.589 0.097 0.559   -1.0
0.438 0.281 0.219 0.746   -1.0
0.867 0.680 0.844 0.049   1.0
0.428 0.554 0.753 0.542   1.0
0.908 0.035 0.009 0.098   -1.0
0.247 0.383 0.517 0.265   -1.0
0.093 0.274 0.041 0.190   -1.0
0.356 0.628 0.114 0.575   -1.0
0.414 0.442 0.054 0.259   -1.0
0.091 0.687 0.045 0.844   -1.0
0.841 0.752 0.263 0.850   1.0
0.548 0.097 0.233 0.065   -1.0
0.686 0.158 0.635 0.727   1.0
0.468 0.082 0.976 0.581   1.0
0.350 0.996 0.100 0.404   -1.0
0.591 0.495 0.941 0.637   1.0
0.169 0.478 0.092 0.432   -1.0
0.942 0.980 0.424 0.175   1.0
0.785 0.861 0.203 0.420   1.0
0.551 0.888 0.669 0.527   1.0
0.327 0.877 0.465 0.426   1.0
0.719 0.018 0.776 0.660   1.0
0.115 0.829 0.132 0.207   -1.0
0.460 0.149 0.242 0.884   -1.0
0.287 0.670 0.185 0.491   -1.0
0.772 0.042 0.978 0.441   1.0
0.447 0.768 0.446 0.911   1.0
0.727 0.630 0.212 0.503   1.0
0.867 0.619 0.119 0.999   1.0
0.381 0.459 0.975 0.623   1.0
0.299 0.910 0.013 0.483   -1.0
0.103 0.255 0.443 0.081   -1.0
0.012 0.528 0.465 0.459   -1.0
0.659 0.186 0.069 0.871   -1.0
0.359 0.738 0.308 0.478   -1.0
0.134 0.859 0.196 0.109   -1.0
0.540 0.408 0.392 0.553   -1.0
0.793 0.657 0.146 0.236   -1.0
0.843 0.248 0.266 0.308   -1.0
0.705 0.967 0.893 0.774   1.0
0.583 0.133 0.576 0.891   1.0
0.313 0.025 0.471 0.509   -1.0
0.953 0.049 0.541 0.345   -1.0
0.432 0.138 0.259 0.578   -1.0
0.997 0.421 0.623 0.263   1.0
0.330 0.968 0.696 0.223   1.0
0.534 0.806 0.875 0.110   1.0
0.487 0.423 0.722 0.958   1.0
0.855 0.911 0.981 0.396   1.0
0.583 0.829 0.395 0.842   1.0
0.770 0.839 0.828 0.393   1.0
0.557 0.723 0.069 0.253   -1.0
0.811 0.787 0.752 0.686   1.0
0.448 0.173 0.319 0.170   -1.0
0.251 0.025 0.042 0.231   -1.0
0.298 0.814 0.250 0.693   1.0
0.657 0.463 0.496 0.486   1.0
0.597 0.043 0.578 0.667   -1.0
0.524 0.478 0.083 0.275   -1.0
0.980 0.724 0.336 0.298   1.0
0.466 0.549 0.919 0.508   1.0
0.341 0.806 0.595 0.591   1.0
0.251 0.249 0.962 0.747   1.0
0.818 0.344 0.778 0.396   1.0
0.075 0.920 0.488 0.158   -1.0
0.652 0.137 0.919 0.988   1.0
0.812 0.454 0.985 0.731   -1.0*
0.765 0.072 0.768 0.360   -1.0
0.267 0.611 0.912 0.229   1.0
0.647 0.047 0.703 0.425   -1.0
0.713 0.499 0.363 0.202   -1.0
0.558 0.854 0.794 0.477   1.0
0.230 0.289 0.295 0.215   -1.0
0.257 0.981 0.093 0.024   -1.0
0.756 0.292 0.952 0.668   1.0
0.310 0.315 0.568 0.013   -1.0
0.011 0.726 0.239 0.374   -1.0
0.896 0.932 0.782 0.690   1.0
0.623 0.921 0.698 0.918   1.0
0.718 0.175 0.117 0.811   -1.0
0.457 0.567 0.491 0.410   -1.0
0.012 0.720 0.550 0.580   -1.0
0.289 0.592 0.459 0.528   1.0*
0.388 0.424 0.898 0.170   -1.0
0.307 0.793 0.035 0.005   -1.0
0.171 0.723 0.886 0.288   1.0
0.086 0.745 0.101 0.577   -1.0
0.336 0.589 0.875 0.886   1.0
0.608 0.176 0.762 0.067   -1.0
0.728 0.455 0.128 0.626   -1.0
0.242 0.933 0.418 0.277   -1.0
0.129 0.448 0.661 0.016   -1.0
0.195 0.102 0.480 0.296   -1.0
0.635 0.632 0.268 0.510   1.0
0.438 0.117 0.694 0.199   -1.0
0.398 0.927 0.639 0.525   1.0
0.264 0.767 0.486 0.682   1.0
0.424 0.811 0.492 0.085   -1.0
0.228 0.279 0.928 0.708   1.0
0.607 0.343 0.207 0.874   1.0
0.725 0.312 0.970 0.419   1.0
0.155 0.817 0.438 0.794   1.0
0.990 0.058 0.110 0.476   -1.0
0.154 0.900 0.551 0.647   -1.0*
0.378 0.874 0.264 0.305   -1.0
0.839 0.912 0.926 0.046   1.0
0.779 0.772 0.098 0.750   1.0
0.609 0.905 0.008 0.047   -1.0
0.350 0.038 0.757 0.460   -1.0
0.497 0.614 0.414 0.048   -1.0
0.398 0.426 0.135 0.662   -1.0
0.718 0.501 0.643 0.644   1.0
0.430 0.423 0.320 0.528   -1.0
0.511 0.138 0.078 0.519   -1.0
0.776 0.869 0.223 0.533   1.0
0.737 0.030 0.943 0.150   -1.0
0.203 0.549 0.504 0.338   -1.0
0.235 0.056 0.712 0.879   -1.0
0.260 0.309 0.123 0.579   -1.0
0.296 0.090 0.974 0.374   -1.0
0.159 0.150 0.478 0.382   -1.0
0.807 0.119 0.714 0.750   1.0
0.792 0.953 0.818 0.296   1.0
0.028 0.532 0.348 0.740   -1.0
0.048 0.000 0.719 0.172   -1.0
0.556 0.468 0.670 0.530   1.0
0.279 0.690 0.992 0.757   1.0
0.675 0.564 0.190 0.389   -1.0
0.459 0.181 0.267 0.277   -1.0
0.559 0.305 0.009 0.907   -1.0
0.419 0.955 0.046 0.138   -1.0
0.626 0.694 0.595 0.296   1.0
0.437 0.575 0.914 0.428   1.0
0.985 0.104 0.896 0.176   1.0
0.210 0.635 0.673 0.478   -1.0
0.150 0.037 0.216 0.158   -1.0
0.262 0.578 0.900 0.308   1.0
0.027 0.933 0.410 0.622   -1.0
0.634 0.058 0.803 0.548   1.0
0.135 0.533 0.590 0.031   -1.0
0.082 0.242 0.344 0.755   -1.0
0.255 0.905 0.756 0.471   1.0
0.700 0.733 0.641 0.600   1.0
0.357 0.627 0.973 0.767   1.0
0.202 0.401 0.307 0.006   -1.0
0.794 0.141 0.482 0.384   -1.0
0.191 0.467 0.414 0.535   -1.0
0.133 0.789 0.127 0.889   -1.0
0.190 0.590 0.993 0.831   1.0
0.033 0.188 0.817 0.007   1.0*
0.066 0.209 0.356 0.373   -1.0
0.305 0.167 0.355 0.787   -1.0
0.528 0.978 0.018 0.941   1.0
0.240 0.074 0.302 0.367   1.0*
0.562 0.558 0.553 0.556   1.0
0.743 0.589 0.577 0.560   1.0
0.533 0.625 0.805 0.889   -1.0*
0.019 0.194 0.165 0.374   1.0*
0.716 0.902 0.959 0.734   1.0
0.471 0.975 0.918 0.773   1.0
0.881 0.336 0.899 0.435   1.0
0.288 0.177 0.480 0.866   -1.0
0.076 0.398 0.362 0.881   -1.0
0.361 0.900 0.480 0.526   1.0
0.461 0.242 0.176 0.419   1.0*
0.019 0.891 0.951 0.937   1.0
0.293 0.819 1.000 0.192   1.0
0.891 0.480 0.431 0.371   1.0
0.168 0.447 0.744 0.530   -1.0
0.030 0.891 0.227 0.511   -1.0
0.501 0.971 0.658 0.677   1.0
0.635 0.696 0.281 0.585   1.0
0.945 0.878 0.452 0.945   1.0
0.705 0.836 0.550 0.136   1.0
0.895 0.304 0.654 0.639   1.0
0.981 0.669 0.724 0.208   1.0
0.140 0.710 0.151 0.798   -1.0
0.542 0.433 0.083 0.823   -1.0
0.717 0.768 0.896 0.169   1.0
0.966 0.875 0.548 0.515   1.0
0.755 0.411 0.314 0.409   -1.0
0.148 0.390 0.718 0.872   1.0
0.898 0.012 0.308 0.048   -1.0
0.695 0.590 0.243 0.778   1.0
0.262 0.495 0.181 0.158   -1.0
0.894 0.124 0.538 0.442   -1.0
0.549 0.197 0.050 0.863   -1.0
0.099 0.010 0.995 0.817   -1.0
0.594 0.715 0.894 0.901   1.0
0.704 0.596 0.354 0.948   1.0
0.766 0.209 0.868 0.947   1.0
0.532 0.841 0.491 0.070   -1.0
0.131 0.619 0.480 0.181   -1.0
0.086 0.280 0.491 0.081   -1.0
0.373 0.675 0.812 0.267   1.0
0.576 0.971 0.172 0.929   1.0
0.546 0.696 0.128 0.414   -1.0
0.496 0.946 0.484 0.987   1.0
0.767 0.118 0.635 0.247   -1.0
0.116 0.333 0.578 0.607   -1.0
0.676 0.981 0.088 0.488   1.0
0.664 0.063 0.219 0.836   1.0*
0.138 0.382 0.688 0.267   -1.0
0.331 0.763 0.742 0.815   1.0
0.758 0.582 0.867 0.393   1.0
0.166 0.509 0.161 0.744   -1.0
0.575 0.420 0.097 0.663   -1.0
0.345 0.327 0.971 0.564   1.0
0.964 0.703 0.544 0.652   -1.0*
0.340 0.983 0.732 0.083   1.0
0.481 0.841 0.379 0.349   1.0
0.208 0.515 0.742 0.369   -1.0
0.858 0.943 0.679 0.955   1.0
0.586 0.300 0.933 0.557   1.0
0.095 0.521 0.567 0.640   -1.0
0.536 0.980 0.156 0.268   -1.0
0.954 0.750 0.903 0.333   1.0
0.137 0.541 0.613 0.879   1.0
0.872 0.737 0.853 0.551   1.0
0.459 0.137 0.992 0.392   -1.0
0.857 0.487 0.215 0.424   -1.0
0.388 0.960 0.107 0.544   -1.0
0.169 0.497 0.977 0.073   -1.0
0.076 0.210 0.371 0.689   -1.0
0.281 0.561 0.826 0.134   -1.0
0.518 0.593 0.250 0.511   1.0*
0.945 0.368 0.471 0.160   -1.0
0.598 0.548 0.751 0.705   1.0
0.979 0.874 0.590 0.956   1.0
0.420 0.032 0.157 0.791   -1.0
0.245 0.072 0.282 0.071   -1.0
0.395 0.590 0.799 0.644   1.0
0.783 0.589 0.468 0.255   1.0
0.260 0.853 0.297 0.010   -1.0
0.389 0.989 0.431 0.979   1.0
0.378 0.399 0.977 0.535   1.0
0.698 0.780 0.262 0.980   1.0
0.468 0.374 0.441 0.267   -1.0
0.542 0.050 0.608 0.010   -1.0
0.357 0.270 0.157 0.654   -1.0
0.714 0.043 0.269 0.145   -1.0
0.214 0.524 0.421 0.191   -1.0
0.611 0.889 0.838 0.873   1.0
0.690 0.341 0.243 0.131   -1.0
0.262 0.673 0.657 0.870   1.0
0.962 0.226 0.953 0.119   1.0
0.233 0.833 0.924 0.502   -1.0*
0.946 0.716 0.502 0.367   1.0
0.560 0.979 0.797 0.399   1.0
0.665 0.088 0.193 0.908   -1.0
0.801 0.170 0.891 0.458   1.0
0.574 0.420 0.266 0.527   -1.0
0.147 0.759 0.372 0.070   -1.0
0.351 0.017 0.978 0.853   1.0
0.885 0.413 0.363 0.682   1.0
0.215 0.347 0.899 0.408   -1.0
0.118 0.209 0.426 0.010   -1.0
0.466 0.584 0.087 0.732   -1.0
0.626 0.879 0.870 0.998   1.0
0.132 0.349 0.966 0.109   -1.0
0.350 0.995 0.614 0.713   1.0
0.425 0.927 0.024 0.325   -1.0
0.280 0.443 0.544 0.707   -1.0
0.211 0.173 0.037 0.298   -1.0
0.148 0.923 0.784 0.018   -1.0
0.734 0.149 0.270 0.700   -1.0
0.471 0.050 0.253 0.085   -1.0
0.930 0.510 0.690 0.955   1.0
0.025 0.235 0.278 0.569   -1.0
0.730 0.780 0.114 0.767   1.0
0.020 0.914 0.001 0.804   -1.0
0.922 0.538 0.082 0.192   -1.0
0.340 0.663 0.288 0.594   -1.0
0.050 0.524 0.259 0.740   -1.0
0.093 0.766 0.713 0.371   -1.0
0.655 0.101 0.115 0.769   -1.0
0.193 0.789 0.782 0.194   -1.0
0.715 0.116 0.130 0.796   -1.0
0.368 0.137 0.972 0.656   1.0
0.720 0.706 0.254 0.979   1.0
0.733 0.072 0.212 0.447   -1.0
0.548 0.101 0.544 0.663   -1.0
0.412 0.856 0.659 0.194   1.0
0.252 0.908 0.165 0.382   -1.0
0.474 0.750 0.841 0.445   1.0
0.572 0.165 0.112 0.826   -1.0
0.558 0.559 0.216 0.771   1.0
0.658 0.318 0.107 0.202   1.0*
0.977 0.613 0.837 0.637   1.0
0.886 0.888 0.716 0.052   1.0
0.420 0.525 0.020 0.261   1.0*
0.426 0.833 0.135 0.537   -1.0
0.279 0.096 0.218 0.495   -1.0
0.224 0.153 0.185 0.331   -1.0
0.166 0.308 0.968 0.003   -1.0
0.775 0.890 0.833 0.491   1.0
0.103 0.911 0.466 0.123   -1.0
0.437 0.549 0.005 0.572   -1.0
0.664 0.851 0.182 0.882   1.0
0.048 0.106 0.499 0.233   -1.0
0.854 0.399 0.745 0.822   1.0
0.689 0.597 0.292 0.522   1.0
0.233 0.625 0.998 0.700   1.0
0.171 0.136 0.297 0.176   -1.0
0.383 0.840 0.559 0.565   1.0
0.905 0.613 0.828 0.404   1.0
0.264 0.258 0.245 0.009   -1.0
0.648 0.698 0.676 0.940   1.0
0.764 0.173 0.845 0.762   1.0
0.594 0.933 0.009 0.890   1.0
0.717 0.273 0.949 0.276   1.0
0.671 0.182 0.451 0.499   -1.0
0.296 0.763 0.844 0.541   1.0
0.923 0.189 0.470 0.600   1.0
0.690 0.363 0.302 0.536   -1.0
0.174 0.129 0.058 0.183   -1.0
0.167 0.900 0.293 0.115   -1.0
0.131 0.786 0.358 0.581   -1.0
0.944 0.878 0.047 0.788   1.0
0.819 0.711 0.608 0.289   1.0
0.737 0.979 0.674 0.038   1.0
0.800 0.213 0.644 0.858   1.0
0.663 0.024 0.295 0.956   -1.0
0.471 0.087 0.925 0.829   1.0
0.209 0.773 0.546 0.256   -1.0
0.965 0.075 0.272 0.573   -1.0
0.583 0.310 0.343 0.257   -1.0
0.857 0.057 0.561 0.501   -1.0
0.956 0.165 0.938 0.251   1.0
0.077 0.723 0.207 0.002   -1.0
0.875 0.211 0.324 0.421   -1.0
0.884 0.386 0.542 0.156   1.0*
0.906 0.739 0.269 0.249   -1.0*
0.618 0.106 0.052 0.179   -1.0
0.967 0.135 0.772 0.905   1.0
0.893 0.982 0.109 0.100   -1.0*
0.660 0.975 0.196 0.984   1.0
0.663 0.869 0.782 0.206   1.0
0.741 0.112 0.764 0.010   -1.0
0.760 0.628 0.467 0.812   1.0
0.075 0.779 0.941 0.847   1.0
0.328 0.740 0.666 0.437   1.0
0.650 0.097 0.815 0.846   1.0
0.212 0.509 0.951 0.993   1.0
0.976 0.734 0.827 0.740   1.0
0.188 0.499 0.372 0.655   -1.0
0.178 0.730 0.090 0.120   -1.0
0.773 0.447 0.318 0.439   -1.0
0.158 0.090 0.982 0.973   1.0
0.064 0.185 0.445 0.014   -1.0
0.160 0.990 0.913 0.987   1.0
0.657 0.175 0.229 0.029   -1.0
0.541 0.207 0.560 0.630   -1.0
0.138 0.404 0.774 0.455   -1.0
0.659 0.613 0.933 0.641   1.0
0.868 0.704 0.771 0.314   1.0
0.949 0.474 0.709 0.862   1.0
0.439 0.519 0.637 0.668   1.0
0.467 0.209 0.755 0.028   -1.0
0.082 0.166 0.243 0.857   -1.0
0.086 0.515 0.234 0.019   -1.0
0.820 0.887 0.861 0.591   1.0
0.579 0.541 0.675 0.289   1.0
0.137 0.727 0.921 0.774   1.0
0.469 0.241 0.604 0.224   -1.0
0.444 0.307 0.434 0.687   -1.0
0.055 0.773 0.679 0.289   -1.0
0.835 0.110 0.679 0.695   1.0
0.880 0.275 0.242 0.555   -1.0
0.644 0.692 0.291 0.566   1.0
0.686 0.035 0.706 0.291   -1.0
0.975 0.735 0.566 0.409   1.0
0.729 0.464 0.194 0.407   -1.0
0.986 0.242 0.863 0.665   1.0
0.564 0.544 0.212 0.806   1.0
0.776 0.450 0.791 0.066   1.0
0.256 0.753 0.050 0.963   1.0
0.309 0.937 0.778 0.875   1.0
0.200 0.604 0.810 0.394   1.0
0.563 0.379 0.254 0.426   -1.0
0.191 0.990 0.588 0.404   1.0
0.687 0.179 0.245 0.478   -1.0
0.261 0.735 0.999 0.311   1.0
0.042 0.620 0.635 0.821   1.0
0.981 0.020 0.099 0.791   -1.0
0.110 0.354 0.793 0.364   -1.0
0.837 0.555 0.769 0.425   -1.0*
0.565 0.113 0.138 0.810   -1.0
0.383 0.071 0.326 0.382   -1.0
0.023 0.425 0.001 0.658   -1.0
0.496 0.638 0.266 0.595   -1.0
0.680 0.705 0.783 0.473   1.0
0.562 0.310 0.623 0.332   -1.0
0.582 0.896 0.848 0.719   1.0
0.439 0.103 0.777 0.764   1.0
0.158 0.787 0.910 0.159   1.0
0.155 0.655 0.083 0.421   -1.0
0.512 0.100 0.956 0.295   -1.0
0.024 0.857 0.883 0.648   1.0
0.618 0.229 0.084 0.466   -1.0
0.790 0.905 0.052 0.567   1.0
0.537 0.725 0.456 0.446   1.0
0.901 0.601 0.539 0.984   1.0
0.790 0.496 0.122 0.746   1.0
0.695 0.770 0.647 0.578   1.0
0.835 0.196 0.647 0.920   1.0
0.596 0.710 0.566 0.648   1.0
0.235 0.184 0.002 0.692   -1.0
0.886 0.593 0.232 0.426   1.0
0.254 0.216 0.073 0.377   1.0*
0.863 0.072 0.731 0.510   1.0
0.148 0.346 0.846 0.795   1.0
0.508 0.391 0.976 0.074   -1.0
0.253 0.310 0.223 0.255   -1.0
0.854 0.141 0.594 0.087   -1.0
0.171 0.341 0.782 0.243   -1.0
0.743 0.106 0.789 0.474   1.0
0.439 0.622 0.962 0.285   1.0
0.228 0.793 0.809 0.203   1.0
0.848 0.456 0.176 0.071   -1.0
0.178 0.925 0.852 0.772   1.0
0.418 0.942 0.353 0.200   -1.0
0.071 0.943 0.292 0.860   1.0
0.909 0.299 0.040 0.871   1.0
0.457 0.099 0.377 0.267   -1.0
0.243 0.114 0.758 0.420   -1.0
0.469 0.598 0.111 0.321   -1.0
0.123 0.740 0.312 0.476   -1.0
0.497 0.546 0.883 0.789   1.0
0.300 0.698 0.705 0.340   1.0
0.289 0.797 0.668 0.666   1.0
0.970 0.909 0.178 0.728   1.0
0.363 0.198 0.927 0.474   -1.0
0.296 0.597 0.259 0.607   -1.0
0.198 0.104 0.619 0.081   -1.0
0.025 0.381 0.592 0.730   -1.0
0.160 0.019 0.518 0.828   -1.0
0.581 0.798 0.594 0.759   1.0
0.923 0.122 0.724 0.850   1.0
0.243 0.146 0.194 0.501   -1.0
0.266 0.700 0.857 0.885   1.0
0.751 0.910 0.162 0.343   1.0
0.883 0.503 0.660 0.400   1.0
0.345 0.981 0.129 0.940   1.0
0.655 0.863 0.863 0.379   1.0
0.459 0.622 0.859 0.653   1.0
0.612 0.920 0.823 0.469   1.0
0.603 0.220 0.716 0.765   1.0
0.356 0.648 0.066 0.017   -1.0
0.397 0.362 0.030 0.526   -1.0
0.770 0.181 0.165 0.633   -1.0
0.878 0.092 0.182 0.737   -1.0
0.305 0.349 0.665 0.127   -1.0
0.470 0.731 0.039 0.186   -1.0
0.602 0.542 0.144 0.668   -1.0
0.192 0.065 0.921 0.222   -1.0
0.223 0.992 0.772 0.388   1.0
0.332 0.266 0.717 0.514   -1.0
0.462 0.819 0.353 0.127   -1.0
0.172 0.597 0.677 0.211   -1.0
0.173 0.813 0.325 0.317   -1.0
0.884 0.510 0.545 0.805   1.0
0.137 0.027 0.724 0.909   -1.0
0.348 0.241 0.682 0.065   -1.0
0.685 0.527 0.574 0.038   -1.0
0.521 0.210 0.252 0.198   -1.0
0.035 0.371 0.233 0.360   -1.0
0.714 0.244 0.198 0.259   -1.0
0.930 0.396 0.076 0.654   1.0
0.491 0.002 0.546 0.173   -1.0
0.301 0.858 0.594 0.875   1.0
0.248 0.396 0.106 0.500   -1.0
0.526 0.535 0.964 0.759   1.0
0.653 0.473 0.138 0.851   1.0
0.187 0.781 0.128 0.263   -1.0
0.432 0.754 0.437 0.978   1.0
0.504 0.279 0.785 0.098   -1.0
0.681 0.347 0.550 0.787   1.0
0.143 0.313 0.381 0.108   -1.0
0.276 0.760 0.545 0.414   -1.0
0.277 0.601 0.393 0.405   -1.0
0.827 0.837 0.618 0.264   1.0
0.544 0.768 0.093 0.329   -1.0
0.246 0.010 0.213 0.796   -1.0
0.060 0.940 0.109 0.441   -1.0
0.181 0.716 0.808 0.726   1.0
0.419 0.003 0.731 0.812   -1.0
0.594 0.639 0.244 0.212   -1.0
0.058 0.756 0.672 0.151   -1.0
0.538 0.398 0.095 0.751   -1.0
0.891 0.811 0.133 1.000   1.0
0.181 0.181 0.968 0.988   1.0
0.098 0.408 0.910 0.829   1.0
0.318 0.424 0.858 0.562   1.0
0.762 0.621 0.392 0.434   1.0
0.477 0.972 0.170 0.572   1.0
0.363 0.463 0.534 0.497   -1.0
0.785 0.677 0.644 0.753   1.0
0.551 0.851 0.073 0.461   -1.0
0.292 0.779 0.104 0.151   -1.0
0.739 0.913 0.962 0.131   1.0
0.734 0.608 0.318 0.904   1.0
0.041 0.267 0.642 0.574   -1.0
0.105 0.360 0.441 0.749   -1.0
0.107 0.299 0.964 0.180   -1.0
0.644 0.472 0.539 0.748   1.0
0.881 0.487 0.536 0.843   1.0
0.882 0.578 0.225 0.200   -1.0
0.405 0.241 0.749 0.047   -1.0
0.512 0.152 0.175 0.954   -1.0
0.287 0.060 0.200 0.251   -1.0
0.961 0.895 0.713 0.500   1.0
0.336 0.381 0.129 0.872   -1.0
0.747 0.754 0.802 0.972   -1.0*
0.284 0.377 0.195 0.032   -1.0
0.010 0.545 0.577 0.184   -1.0
0.478 0.472 0.559 0.678   1.0
0.799 0.639 0.617 0.512   1.0
0.260 0.847 0.520 0.389   1.0
0.745 0.136 0.473 0.547   -1.0
