0.101 0.251 0.819 0.428   -1.0
0.194 0.240 0.652 0.213   -1.0
0.665 0.202 0.660 0.962   1.0
0.602 0.693 0.095 0.961   1.0
0.014 0.414 0.877 0.859   1.0
0.528 0.167 0.866 0.258   -1.0
0.656 0.060 0.167 0.452   -1.0
0.230 0.457 0.902 0.121   -1.0
0.592 0.955 0.460 0.395   1.0
0.784 0.775 0.837 0.163   1.0
0.055 0.189 0.424 0.923   1.0*
0.283 0.351 0.517 0.050   -1.0
0.635 0.648 0.228 0.609   1.0
0.551 0.923 0.644 0.229   1.0
0.804 0.633 0.153 0.118   -1.0
0.419 0.202 0.533 0.228   -1.0
0.720 0.132 0.660 0.371   -1.0
0.721 0.078 0.915 0.967   1.0
0.083 0.746 0.136 0.683   -1.0
0.657 0.868 0.154 0.229   -1.0
0.706 0.512 0.878 0.510   1.0
0.698 0.359 0.846 0.658   1.0
0.583 0.476 0.967 0.015   1.0
0.335 0.971 0.109 0.577   -1.0
0.735 0.502 0.843 0.340   1.0
0.406 0.093 0.624 0.712   -1.0
0.973 0.090 0.511 0.012   -1.0
0.036 0.740 0.246 0.613   -1.0
0.236 0.510 0.714 0.717   1.0
0.045 0.207 0.406 0.356   -1.0
0.342 0.980 0.110 0.603   1.0
0.641 0.506 0.187 0.139   -1.0
0.994 0.588 0.643 0.779   1.0
0.968 0.199 0.513 0.679   -1.0*
0.890 0.721 0.038 0.476   1.0
0.141 0.857 0.970 0.127   1.0
0.784 0.631 0.789 0.015   1.0
0.608 0.998 0.986 0.576   1.0
0.647 0.017 0.272 0.916   -1.0
0.393 0.011 0.069 0.278   -1.0
0.624 0.742 0.843 0.840   1.0
0.847 0.470 0.180 0.617   1.0
0.517 0.721 0.081 0.143   -1.0
0.463 0.415 0.710 0.700   1.0
0.173 0.182 0.823 0.311   -1.0
0.742 0.877 0.527 0.360   1.0
0.408 0.550 0.485 0.077   -1.0
0.707 0.121 0.883 0.503   1.0
0.299 0.781 0.444 0.151   -1.0
0.004 0.047 0.141 0.164   -1.0
0.742 0.683 0.101 0.915   1.0
0.258 0.951 0.954 0.577   1.0
0.348 0.248 0.832 0.744   -1.0*
0.155 0.548 0.423 0.009   -1.0
0.130 0.875 0.414 0.444   -1.0
0.066 0.001 0.293 0.344   -1.0
0.158 0.263 0.856 0.238   -1.0
0.746 0.648 0.309 0.374   1.0
0.473 0.259 0.004 0.486   -1.0
0.155 0.502 0.811 0.764   -1.0*
0.337 0.771 0.884 0.429   1.0
0.559 0.337 0.326 0.684   -1.0
0.298 0.483 0.760 0.381   -1.0
0.244 0.571 0.826 0.363   1.0
0.837 0.378 0.213 0.578   1.0
0.191 0.193 0.115 0.382   -1.0
0.582 0.339 0.611 0.924   1.0
0.397 0.893 0.154 0.593   1.0
0.360 0.258 0.978 0.813   1.0
0.934 0.383 0.568 0.127   1.0
0.875 0.548 0.803 0.649   1.0
0.854 0.850 0.834 0.274   1.0
0.628 0.472 0.813 0.275   1.0
0.344 0.560 0.244 0.185   -1.0
0.970 0.848 0.261 0.877   -1.0*
0.701 0.144 0.395 0.416   1.0*
0.043 0.114 0.044 0.668   -1.0
0.424 0.960 0.214 0.508   1.0
0.935 0.041 0.057 0.428   -1.0
0.529 0.432 0.073 0.203   -1.0
0.767 0.185 0.691 0.360   1.0
0.807 0.462 0.996 0.558   1.0
0.759 0.172 0.527 0.406   -1.0
0.751 0.009 0.875 0.415   1.0
0.769 0.598 0.076 0.704   1.0
0.860 0.910 0.735 0.399   1.0
0.415 0.467 0.056 0.962   -1.0
0.718 0.080 0.911 0.066   1.0*
0.843 0.227 0.302 0.718   1.0
0.111 0.453 0.278 0.083   -1.0
0.609 0.215 0.070 0.442   -1.0
0.306 0.630 0.885 0.551   1.0
0.153 0.403 0.386 0.805   -1.0
0.900 0.216 0.312 0.871   1.0
0.995 0.230 0.266 0.827   -1.0*
0.115 0.451 0.161 0.070   -1.0
0.329 0.766 0.343 0.638   1.0
0.670 0.054 0.213 0.312   -1.0
0.156 0.065 0.608 0.868   -1.0
0.945 0.329 0.309 0.624   1.0
